8
10
11
12
13
21
27
35
36
39
43
55
56
65
67
70
70
76
81
93
95
96
101
106
106
115
117
117
123
147
147
153
155
158
159
173
173
181
185
185
186
189
193
197
220
223
230
232
237
244
255
260
260
271
285
292
292
292
302
313
314
325
326
340
348
350
354
355
358
368
369
371
374
386
390
391
392
392
403
403
410
411
418
418
444
456
464
464
471
471
478
478
483
491
506
512
513
513
515
518
519
520
520
521
522
523
525
526
528
537
539
541
547
561
563
573
575
577
579
580
582
598
601
607
616
634
637
645
645
649
649
651
652
652
652
653
656
657
661
665
666
670
676
677
680
687
708
715
721
726
734
736
741
741
750
756
775
776
783
786
786
790
791
795
796
798
807
812
814
814
817
817
829
844
845
851
856
860
867
869
873
888
897
900
905
906
912
916
918
920
932
936
937
937
949
952
960
966
967
975
979
982
983
986
992
992
996
998
1009
1011
1018
1020
1020
1020
1033
1033
1043
1047
1057
1060
1065
1083
1087
1087
1088
1091
1093
1103
1108
1110
1116
1116
1123
1129
1147
1149
1155
1155
1157
1160
1163
1165
1171
1178
1182
1182
1184
1186
1189
1204
1206
1210
1214
1215
1232
1232
1236
1238
1239
1246
1254
1258
1273
1282
1285
1287
1291
1299
1305
1306
1308
1309
1312
1312
1319
1323
1330
1331
1331
1332
1335
1337
1338
1343
1345
1349
1357
1366
1373
1375
1380
1391
1394
1394
1402
1410
1411
1418
1419
1423
1430
1433
1436
1436
1441
1449
1451
1452
1452
1457
1458
1466
1471
1471
1474
1500
1501
1516
1517
1520
1522
1540
1546
1548
1548
1552
1552
1554
1557
1561
1561
1562
1566
1568
1569
1577
1586
1591
1601
1602
1604
1608
1611
1613
1622
1627
1630
1631
1631
1631
1635
1659
1669
1670
1671
1671
1682
1696
1697
1702
1704
1713
1714
1717
1717
1718
1720
1727
1727
1736
1745
1745
1758
1761
1773
1783
1796
1805
1806
1807
1808
1810
1810
1826
1839
1843
1851
1851
1852
1853
1857
1861
1869
1871
1878
1883
1887
1891
1899
1902
1904
1919
1924
1928
1932
1933
1933
1934
1952
1957
1961
1966
1975
1979
1979
1993
1998
2001
2001
2010
2012
2016
2017
2025
2025
2028
2030
2032
2032
2060
2061
2063
2070
2078
2089
2091
2093
2102
2105
2108
2112
2135
2143
2144
2159
2167
2170
2173
2176
2176
2179
2181
2181
2191
2192
2195
2197
2199
2202
2206
2210
2219
2222
2236
2244
2248
2249
2252
2256
2257
2257
2258
2261
2262
2270
2278
2288
2289
2297
2297
2298
2302
2304
2308
2312
2321
2329
2337
2343
2345
2348
2352
2356
2360
2369
2370
2374
2379
2390
2390
2397
2400
2404
2408
2413
2424
2448
2449
2453
2458
2459
2468
2473
2476
2482
2483
2485
2494
2504
2510
2510
2513
2515
2523
2524
2528
2530
2533
2534
2537
2542
2543
2544
2548
2555
2564
2569
2571
2584
2598
2600
2606
2611
2616
2621
2625
2627
2640
2641
2642
2651
2654
2658
2659
2662
2665
2667
2679
2681
2682
2687
2693
2693
2701
2708
2709
2716
2717
2728
2728
2732
2733
2733
2742
2758
2765
2766
2780
2789
2795
2800
2807
2810
2821
2831
2836
2860
2863
2868
2873
2873
2876
2880
2888
2891
2893
2894
2897
2899
2904
2911
2911
2914
2928
2931
2933
2937
2942
2959
2963
2974
2982
2984
2986
2998
3020
3024
3031
3035
3037
3041
3043
3046
3047
3052
3052
3061
3064
3076
3082
3082
3090
3098
3101
3102
3106
3118
3119
3120
3121
3122
3126
3127
3129
3130
3133
3135
3140
3142
3142
3145
3146
3149
3149
3157
3168
3173
3176
3184
3184
3185
3187
3197
3197
3197
3199
3199
3202
3205
3230
3240
3241
3249
3250
3252
3255
3263
3266
3267
3274
3291
3306
3312
3315
3319
3321
3323
3324
3326
3327
3327
3328
3332
3341
3344
3345
3356
3360
3363
3363
3363
3370
3373
3382
3383
3387
3390
3390
3398
3413
3414
3417
3422
3423
3431
3435
3441
3442
3447
3449
3451
3457
3463
3470
3478
3483
3484
3489
3491
3492
3495
3498
3500
3503
3505
3506
3512
3513
3515
3515
3520
3522
3525
3532
3535
3538
3547
3548
3552
3560
3562
3572
3576
3582
3583
3584
3585
3590
3602
3608
3622
3632
3646
3649
3655
3659
3661
3668
3677
3682
3695
3703
3707
3709
3713
3724
3726
3729
3743
3745
3757
3760
3761
3764
3766
3767
3768
3770
3775
3783
3783
3792
3804
3807
3807
3808
3811
3817
3819
3820
3835
3841
3844
3848
3848
3854
3856
3864
3868
3878
3900
3913
3929
3931
3944
3951
3957
3972
3982
3996
3999
4000
4006
4006
4006
4010
4016
4017
4043
4063
4066
4076
4078
4081
4086
4090
4090
4098
4101
4105
4109
4114
4116
4122
4124
4127
4162
4163
4167
4171
4171
4188
4189
4194
4202
4212
4219
4220
4221
4221
4225
4226
4228
4229
4238
4242
4250
4255
4258
4266
4274
4274
4279
4279
4283
4283
4284
4295
4317
4321
4322
4326
4346
4348
4355
4359
4361
4369
4374
4374
4379
4383
4396
4402
4406
4424
4427
4428
4450
4475
4480
4483
4501
4506
4509
4512
4518
4533
4540
4556
4559
4560
4567
4567
4584
4588
4600
4600
4607
4609
4611
4613
4615
4624
4630
4632
4639
4654
4655
4664
4665
4677
4679
4683
4685
4689
4694
4700
4700
4702
4703
4705
4711
4729
4742
4745
4752
4753
4756
4763
4767
4769
4771
4778
4780
4786
4787
4788
4792
4800
4808
4809
4812
4812
4813
4835
4835
4837
4843
4844
4848
4850
4860
4860
4861
4876
4881
4887
4887
4889
4889
4891
4896
4922
4934
4938
4939
4949
4949
4965
4971
4973
4977
4980
4980
4981
4982
4988
4992
4996
