5
46
210
239
243
279
413
512
547
583
593
606
666
759
768
924
930
1042
1259
1287
1312
1439
1462
1503
1530
1531
1591
1605
1662
1790
1807
1825
1843
1880
1885
1889
1985
1989
2009
2021
2050
2052
2082
2171
2189
2192
2192
2330
2399
2465
2521
2530
2542
2549
2572
2597
2620
2630
2714
2738
2782
2784
2812
2822
2830
3130
3132
3134
3158
3208
3240
3321
3345
3358
3419
3586
3588
3618
3762
3829
3866
3921
4112
4189
4281
4325
4395
4418
4425
4492
4529
4561
4579
4688
4726
4754
4790
4876
4964
4979
