19
40
163
171
209
211
217
239
256
266
268
273
274
283
302
315
320
333
380
412
414
435
443
461
485
486
498
517
577
579
684
686
731
755
758
787
801
860
895
932
948
978
1116
1117
1127
1150
1157
1175
1238
1248
1300
1339
1353
1356
1360
1370
1402
1471
1486
1521
1538
1612
1642
1658
1670
1678
1684
1700
1759
1761
1782
1795
1845
1849
1853
1867
1870
1880
2001
2010
2015
2033
2040
2046
2071
2098
2128
2165
2168
2173
2188
2214
2250
2265
2276
2404
2413
2480
2483
2523
2538
2550
2627
2637
2649
2687
2706
2707
2745
2747
2805
2872
2873
2902
2921
2930
2945
2975
3048
3055
3070
3128
3131
3141
3165
3176
3188
3215
3240
3245
3276
3298
3332
3377
3400
3446
3464
3596
3615
3651
3654
3656
3661
3684
3704
3741
3751
3762
3802
3825
3832
3833
3850
3864
3870
3913
3922
4078
4101
4127
4137
4190
4206
4263
4279
4283
4353
4376
4391
4425
4454
4474
4485
4508
4512
4522
4529
4560
4567
4572
4577
4583
4601
4646
4663
4688
4764
4788
4799
4802
4806
4809
4813
4817
4840
4854
4857
4873
4904
4979
