0
4
6
15
17
19
21
23
23
35
35
36
36
37
39
40
41
44
44
46
48
49
51
53
56
59
61
62
66
74
75
80
84
84
85
86
87
88
91
93
96
97
98
102
104
104
104
106
107
108
109
111
113
124
132
134
136
137
137
140
141
141
142
143
161
161
163
163
165
165
166
170
177
178
178
183
186
192
193
196
197
197
197
204
204
204
205
205
206
206
207
208
211
213
213
220
222
223
225
225
227
228
233
234
238
238
239
242
246
249
253
258
258
266
269
272
272
273
274
278
278
281
287
294
294
294
305
309
315
315
315
322
323
327
339
339
340
341
344
345
345
347
351
352
354
354
355
356
358
362
362
369
369
372
372
375
379
380
382
384
384
386
387
390
391
398
403
403
405
405
407
409
418
425
427
428
430
432
436
438
442
444
455
455
456
456
457
461
463
465
467
467
475
476
476
477
478
482
486
491
493
498
500
505
505
507
508
509
509
509
511
516
517
525
527
531
533
536
537
537
540
541
543
543
546
553
555
557
558
559
559
560
561
564
568
571
575
576
582
584
586
589
593
594
595
599
602
608
611
614
615
626
630
630
638
644
644
644
646
649
649
649
651
653
656
657
660
665
665
666
668
668
668
669
670
675
675
678
684
687
691
694
700
700
701
702
703
706
706
712
713
717
718
719
720
724
727
730
732
732
734
735
736
738
739
742
743
748
762
764
765
766
772
772
772
776
779
780
781
781
783
784
786
786
787
787
788
790
793
797
802
804
804
805
805
806
807
809
812
813
819
825
829
830
835
836
839
841
844
844
844
848
849
853
853
854
854
855
858
859
860
875
878
878
882
885
888
892
896
898
900
902
906
908
913
914
915
921
926
931
933
934
935
936
936
947
949
952
952
953
953
955
956
957
959
962
966
966
970
972
976
976
977
978
982
984
987
989
998
1005
1006
1013
1014
1015
1017
1018
1019
1020
1020
1026
1029
1029
1030
1031
1033
1033
1034
1034
1035
1036
1043
1044
1050
1054
1059
1062
1063
1066
1069
1072
1074
1076
1079
1081
1082
1084
1084
1085
1086
1087
1089
1091
1091
1092
1096
1102
1102
1102
1103
1104
1112
1114
1116
1118
1118
1121
1121
1132
1137
1141
1142
1146
1148
1149
1152
1152
1154
1155
1157
1157
1158
1158
1160
1166
1168
1170
1170
1176
1176
1181
1188
1189
1189
1190
1190
1191
1196
1201
1202
1207
1207
1212
1213
1218
1221
1230
1231
1233
1236
1236
1237
1241
1241
1242
1242
1247
1256
1256
1257
1258
1259
1260
1261
1262
1267
1268
1269
1270
1274
1275
1278
1280
1281
1286
1288
1289
1290
1291
1292
1293
1295
1296
1296
1297
1302
1307
1308
1310
1317
1320
1320
1322
1330
1332
1339
1339
1341
1344
1347
1347
1350
1351
1352
1354
1355
1358
1363
1364
1369
1373
1374
1376
1377
1380
1380
1385
1389
1391
1392
1398
1399
1401
1402
1404
1406
1407
1408
1411
1412
1424
1425
1429
1433
1433
1435
1436
1437
1440
1440
1441
1442
1450
1451
1455
1456
1460
1465
1466
1469
1469
1482
1487
1488
1492
1493
1495
1497
1498
1502
1503
1504
1505
1515
1515
1516
1519
1520
1528
1534
1536
1538
1540
1545
1548
1549
1549
1556
1557
1559
1560
1561
1562
1562
1564
1565
1565
1565
1568
1569
1569
1570
1572
1577
1583
1584
1586
1587
1587
1589
1589
1594
1598
1601
1607
1612
1615
1616
1621
1623
1627
1628
1630
1630
1631
1634
1636
1638
1639
1641
1647
1651
1654
1655
1662
1666
1668
1672
1674
1678
1682
1684
1685
1686
1687
1690
1691
1692
1694
1697
1699
1699
1700
1700
1700
1707
1708
1709
1711
1719
1720
1722
1728
1728
1729
1732
1733
1738
1740
1741
1746
1746
1747
1751
1752
1752
1753
1755
1756
1756
1761
1773
1777
1777
1780
1781
1786
1791
1796
1800
1800
1802
1804
1811
1811
1812
1812
1812
1812
1818
1818
1824
1834
1836
1838
1842
1843
1846
1846
1847
1848
1848
1848
1851
1852
1857
1858
1859
1861
1862
1863
1866
1867
1868
1870
1870
1870
1874
1874
1886
1889
1890
1891
1891
1896
1907
1913
1915
1920
1924
1926
1927
1933
1933
1935
1938
1939
1942
1942
1944
1944
1946
1949
1949
1950
1951
1953
1954
1954
1958
1961
1961
1963
1964
1964
1966
1968
1969
1969
1970
1971
1978
1980
1983
1986
1986
1988
1988
1989
1991
1991
1993
1996
1997
1997
2001
2007
2007
2007
2008
2010
2013
2014
2018
2019
2019
2021
2022
2024
2026
2030
2031
2031
2032
2038
2038
2042
2045
2047
2047
2048
2050
2051
2052
2053
2053
2053
2055
2058
2064
2067
2068
2074
2077
2077
2079
2079
2081
2085
2086
2088
2088
2093
2094
2096
2098
2098
2100
2101
2101
2103
2107
2118
2120
2121
2124
2125
2125
2129
2131
2131
2134
2135
2136
2136
2141
2146
2149
2152
2155
2157
2161
2164
2167
2169
2169
2172
2175
2177
2177
2179
2182
2182
2183
2184
2188
2189
2192
2196
2201
2205
2206
2206
2207
2209
2211
2213
2215
2220
2221
2224
2231
2237
2237
2237
2240
2241
2242
2246
2247
2248
2251
2252
2253
2255
2264
2265
2266
2268
2271
2278
2279
2281
2282
2285
2288
2288
2290
2290
2291
2295
2295
2296
2296
2296
2298
2302
2305
2308
2309
2311
2313
2314
2318
2321
2324
2325
2329
2331
2333
2335
2336
2341
2344
2351
2353
2359
2361
2361
2364
2365
2365
2366
2372
2373
2373
2376
2378
2381
2389
2389
2390
2392
2393
2394
2395
2398
2404
2410
2413
2414
2415
2418
2421
2423
2428
2430
2432
2434
2435
2435
2437
2440
2442
2443
2443
2446
2446
2450
2453
2463
2467
2468
2474
2476
2480
2482
2484
2488
2490
2492
2493
2496
2498
2498
2498
2501
2501
2502
2503
2504
2510
2510
2513
2515
2522
2523
2524
2525
2527
2528
2529
2532
2535
2536
2541
2542
2543
2545
2548
2563
2564
2565
2566
2567
2576
2578
2580
2585
2586
2588
2590
2595
2596
2596
2600
2600
2602
2603
2603
2604
2606
2608
2611
2618
2625
2625
2628
2629
2630
2634
2642
2645
2646
2655
2655
2659
2666
2669
2669
2670
2671
2672
2672
2680
2681
2682
2683
2685
2686
2687
2687
2688
2689
2692
2699
2701
2701
2703
2703
2704
2705
2711
2712
2713
2713
2718
2722
2728
2731
2733
2734
2735
2743
2745
2748
2748
2750
2753
2758
2780
2783
2785
2786
2802
2804
2810
2811
2818
2820
2821
2823
2825
2826
2828
2828
2829
2832
2832
2834
2837
2838
2841
2842
2844
2847
2849
2851
2852
2854
2857
2859
2867
2871
2872
2873
2876
2883
2884
2888
2888
2891
2898
2899
2899
2899
2900
2902
2903
2906
2907
2911
2913
2913
2918
2918
2923
2926
2926
2927
2932
2933
2934
2935
2943
2946
2946
2949
2949
2950
2954
2955
2968
2971
2973
2978
2981
2982
2984
2989
2989
2990
2990
2992
2992
2998
2999
2999
3006
3007
3012
3015
3015
3016
3017
3025
3026
3030
3030
3034
3035
3040
3046
3049
3051
3054
3061
3061
3061
3067
3067
3068
3072
3073
3075
3082
3082
3092
3097
3098
3098
3099
3099
3101
3101
3108
3114
3115
3116
3117
3121
3121
3124
3126
3127
3128
3134
3136
3136
3137
3143
3144
3147
3148
3151
3154
3156
3157
3161
3167
3169
3171
3172
3173
3175
3178
3182
3183
3185
3188
3190
3193
3194
3200
3200
3200
3204
3205
3208
3210
3211
3214
3221
3221
3222
3226
3227
3231
3232
3236
3245
3246
3253
3253
3255
3259
3259
3259
3261
3264
3265
3265
3266
3267
3268
3273
3276
3276
3278
3279
3282
3286
3287
3289
3290
3293
3295
3296
3297
3299
3299
3305
3315
3316
3318
3324
3325
3327
3327
3328
3333
3335
3337
3339
3341
3342
3345
3345
3347
3348
3352
3353
3353
3354
3357
3357
3359
3369
3373
3374
3374
3377
3380
3380
3384
3387
3388
3388
3389
3391
3393
3394
3396
3398
3399
3400
3400
3403
3405
3409
3410
3413
3414
3415
3416
3418
3419
3424
3425
3441
3441
3452
3452
3453
3459
3463
3463
3465
3466
3466
3470
3471
3475
3478
3481
3481
3482
3485
3486
3489
3492
3494
3500
3504
3504
3507
3516
3516
3519
3523
3523
3525
3528
3531
3531
3532
3535
3536
3537
3545
3554
3557
3557
3565
3566
3574
3576
3578
3585
3593
3596
3600
3606
3609
3613
3616
3617
3617
3628
3629
3629
3631
3637
3639
3640
3642
3643
3648
3652
3654
3655
3655
3662
3664
3671
3671
3679
3690
3692
3693
3696
3700
3706
3708
3708
3709
3710
3711
3712
3716
3717
3720
3721
3728
3729
3733
3737
3743
3747
3753
3754
3755
3755
3759
3761
3761
3762
3762
3764
3766
3767
3768
3770
3774
3776
3777
3779
3780
3787
3787
3788
3796
3797
3797
3801
3802
3807
3809
3812
3812
3812
3815
3817
3818
3819
3822
3823
3823
3824
3824
3830
3830
3831
3835
3840
3843
3845
3845
3848
3856
3857
3866
3868
3874
3879
3879
3880
3882
3888
3890
3891
3893
3894
3896
3896
3897
3898
3903
3904
3904
3907
3910
3912
3914
3917
3920
3922
3927
3928
3938
3944
3947
3947
3947
3948
3951
3961
3965
3967
3973
3975
3977
3980
3981
3981
3982
3989
3989
3991
3992
3995
3995
3996
3996
3997
3999
4000
4001
4002
4005
4009
4018
4021
4027
4027
4030
4030
4031
4036
4041
4045
4047
4048
4049
4056
4059
4066
4067
4070
4072
4082
4084
4086
4088
4094
4102
4103
4111
4111
4112
4119
4127
4131
4136
4147
4147
4151
4151
4156
4156
4158
4160
4161
4162
4163
4163
4167
4177
4182
4185
4185
4185
4192
4193
4201
4202
4204
4211
4216
4217
4220
4221
4229
4231
4235
4237
4237
4237
4239
4240
4248
4249
4249
4253
4258
4261
4262
4269
4271
4271
4279
4280
4282
4283
4289
4291
4292
4298
4299
4314
4319
4320
4320
4330
4339
4340
4342
4347
4354
4354
4356
4358
4362
4366
4370
4371
4371
4373
4374
4377
4379
4381
4382
4386
4387
4388
4389
4390
4391
4394
4395
4397
4402
4404
4405
4406
4406
4407
4414
4419
4419
4423
4424
4424
4425
4426
4426
4427
4429
4431
4439
4442
4444
4448
4450
4451
4453
4453
4455
4456
4456
4458
4462
4464
4467
4468
4469
4470
4471
4472
4477
4488
4493
4495
4495
4497
4500
4501
4505
4505
4506
4508
4511
4513
4514
4519
4523
4525
4527
4539
4548
4553
4556
4557
4557
4557
4559
4560
4562
4565
4566
4571
4573
4585
4585
4587
4593
4596
4597
4604
4605
4607
4608
4611
4613
4613
4615
4616
4621
4622
4626
4629
4632
4633
4644
4645
4645
4651
4653
4656
4657
4660
4662
4672
4672
4674
4676
4676
4677
4678
4679
4679
4680
4684
4685
4686
4686
4691
4699
4699
4702
4702
4704
4707
4709
4709
4709
4711
4713
4714
4723
4727
4727
4730
4731
4731
4736
4736
4739
4740
4740
4743
4747
4753
4753
4754
4755
4757
4759
4760
4760
4760
4763
4772
4772
4775
4780
4783
4783
4783
4788
4790
4790
4791
4797
4802
4802
4805
4810
4815
4815
4816
4822
4824
4826
4827
4834
4835
4835
4837
4842
4842
4845
4848
4849
4850
4850
4854
4854
4860
4862
4867
4868
4868
4869
4873
4873
4874
4879
4880
4888
4888
4894
4895
4896
4897
4911
4911
4916
4917
4923
4928
4931
4931
4942
4942
4947
4951
4952
4954
4956
4959
4959
4961
4963
4964
4965
4967
4969
4970
4971
4972
4977
4983
4983
4984
4987
4991
4992
4995
4999
