4
16
20
27
63
64
74
80
91
94
114
119
120
127
133
157
172
179
181
197
199
211
216
219
222
230
237
239
243
256
268
277
281
284
315
315
319
353
354
366
369
376
378
405
409
410
443
444
478
492
494
495
514
527
539
542
548
558
561
568
568
585
586
596
598
602
603
616
619
624
630
630
635
638
640
652
669
674
685
688
694
697
698
718
725
728
737
746
765
770
774
782
786
788
799
806
811
814
846
862
864
903
907
910
912
932
934
965
966
975
980
992
1006
1014
1031
1037
1046
1057
1064
1068
1074
1097
1102
1110
1133
1141
1148
1152
1152
1156
1162
1169
1172
1183
1196
1203
1206
1207
1213
1217
1238
1273
1282
1309
1338
1354
1363
1366
1382
1415
1448
1453
1483
1484
1510
1514
1522
1524
1528
1540
1559
1577
1601
1609
1628
1630
1642
1647
1664
1668
1670
1677
1691
1705
1712
1754
1766
1778
1817
1817
1820
1827
1828
1828
1831
1834
1844
1849
1858
1864
1871
1881
1881
1904
1905
1916
1921
1931
1942
1955
1955
1959
1972
1983
1988
2007
2008
2024
2026
2039
2043
2055
2060
2067
2113
2121
2130
2131
2135
2142
2146
2156
2159
2173
2173
2177
2193
2194
2200
2222
2227
2232
2258
2261
2261
2268
2283
2283
2285
2295
2309
2352
2354
2373
2375
2377
2378
2388
2396
2405
2413
2429
2435
2452
2462
2483
2495
2501
2513
2524
2524
2527
2537
2546
2549
2562
2572
2593
2608
2608
2625
2629
2635
2640
2665
2673
2681
2705
2722
2727
2730
2733
2739
2762
2774
2776
2796
2800
2808
2828
2846
2855
2860
2866
2880
2894
2901
2907
2915
2918
2920
2925
2937
2945
2946
2968
2975
2982
2984
2994
3012
3015
3042
3050
3053
3095
3114
3115
3116
3117
3124
3135
3155
3157
3170
3175
3179
3203
3229
3234
3243
3247
3248
3252
3258
3260
3266
3269
3269
3274
3280
3281
3287
3299
3340
3355
3360
3375
3376
3383
3388
3408
3414
3423
3425
3445
3461
3467
3467
3493
3502
3518
3519
3532
3532
3540
3540
3548
3551
3558
3575
3578
3586
3591
3593
3597
3610
3614
3618
3625
3628
3637
3643
3643
3650
3679
3679
3682
3693
3697
3701
3708
3730
3733
3739
3743
3751
3763
3769
3769
3775
3837
3909
3915
3922
3934
3954
3961
3964
3971
3982
3991
4019
4035
4045
4051
4073
4076
4083
4087
4100
4100
4101
4111
4117
4123
4127
4162
4173
4194
4207
4213
4225
4248
4250
4271
4281
4308
4320
4332
4342
4386
4397
4405
4414
4430
4431
4438
4456
4457
4460
4460
4486
4506
4508
4508
4514
4526
4529
4555
4569
4570
4575
4581
4584
4589
4592
4649
4651
4665
4670
4671
4673
4675
4676
4724
4742
4743
4750
4786
4787
4796
4806
4806
4810
4826
4860
4876
4881
4885
4902
4911
4925
4927
4935
4947
4956
4970
4987
4994
