1
1
1
2
2
3
5
5
6
7
7
7
10
10
10
12
13
13
16
16
17
17
20
21
23
23
24
25
25
26
27
27
27
27
29
29
32
32
34
36
36
36
37
37
37
40
41
41
41
41
41
43
44
45
45
46
49
49
50
51
52
53
53
53
54
55
56
58
58
58
59
59
61
61
61
62
63
67
68
68
68
68
69
69
73
75
75
76
76
77
79
79
81
81
81
81
82
82
83
83
83
83
83
84
87
89
89
89
89
90
91
93
94
94
97
98
98
99
99
100
102
102
106
109
110
110
111
111
111
112
113
114
115
116
118
120
121
121
122
122
123
124
125
127
128
128
131
132
137
138
138
139
139
139
139
140
141
141
142
142
143
143
144
148
149
149
149
151
152
153
154
154
155
156
156
157
159
160
160
162
162
164
167
167
168
169
172
172
172
173
173
173
175
176
176
178
180
181
181
182
184
184
189
189
190
190
191
192
192
194
196
196
196
197
197
198
198
198
198
202
203
203
204
204
205
207
207
209
210
211
211
213
213
213
214
214
215
215
216
216
217
217
219
220
220
221
221
223
228
228
229
229
229
232
232
233
233
233
234
234
235
236
237
241
242
243
245
246
247
247
248
248
249
254
254
254
254
254
255
255
255
256
257
258
258
260
262
262
263
265
265
265
265
266
267
269
270
272
274
275
276
277
277
278
278
278
280
284
284
284
285
286
286
286
287
288
288
288
289
290
290
290
293
297
298
299
300
300
301
301
302
303
304
304
307
308
309
309
311
311
311
314
314
314
315
315
316
316
318
319
319
321
321
321
323
323
324
326
326
327
329
330
330
333
333
335
335
336
336
337
338
341
341
342
344
344
345
345
345
346
348
351
353
355
355
356
356
356
357
357
357
357
358
359
360
361
362
364
365
366
366
368
369
369
369
372
372
374
375
376
377
378
380
382
382
383
384
385
385
388
389
395
395
396
397
397
397
398
399
399
400
401
401
403
403
403
403
405
406
406
407
407
408
408
408
410
413
414
414
415
418
418
418
418
418
419
419
421
422
423
424
425
429
429
429
429
429
430
430
431
433
433
434
434
435
436
437
439
440
441
443
445
445
446
447
447
448
448
450
451
453
454
456
457
458
459
459
459
461
465
468
468
468
469
470
471
472
472
475
477
479
479
480
481
482
482
482
484
484
486
486
487
487
487
488
490
491
491
495
497
497
497
499
500
501
503
503
503
504
505
506
510
511
511
511
512
512
512
513
513
513
513
513
514
516
518
518
518
518
520
520
522
523
525
526
529
531
531
532
533
534
534
535
536
536
536
536
537
538
538
538
540
540
540
541
541
541
543
543
544
544
546
548
548
550
551
552
553
555
558
558
559
559
559
561
562
562
563
566
568
568
568
568
570
572
572
573
573
573
575
575
576
577
577
577
577
579
579
579
580
580
581
581
583
583
583
584
588
588
588
589
590
590
590
594
594
596
597
597
597
597
598
598
600
600
601
602
603
605
605
606
607
609
613
613
615
616
618
619
620
621
622
622
623
625
625
627
629
630
631
632
632
633
634
636
636
636
637
638
638
639
639
640
641
641
642
643
644
645
646
647
647
649
649
650
650
652
655
657
664
666
666
667
668
669
669
671
671
671
678
678
678
679
681
682
685
686
688
689
691
692
694
697
700
702
703
703
706
706
707
708
709
709
710
710
711
712
714
715
716
716
717
717
718
719
719
720
721
723
723
724
726
726
726
727
728
730
733
734
734
734
736
736
737
737
742
742
742
742
745
746
746
747
749
749
750
751
751
752
752
753
754
755
755
756
756
756
756
756
756
757
759
761
761
762
762
764
765
770
771
772
773
774
774
776
776
777
778
778
779
779
782
782
783
783
784
785
785
787
790
790
794
794
796
798
798
800
802
803
803
804
804
805
805
806
806
806
807
808
808
808
809
810
810
811
813
813
813
815
817
819
819
819
821
821
822
822
823
824
825
826
827
829
829
830
830
832
834
835
836
836
837
837
837
839
841
844
845
845
846
848
850
851
851
855
855
856
856
856
856
857
857
857
861
861
863
863
863
864
865
865
865
865
867
871
872
873
874
876
877
877
877
880
880
881
882
884
884
885
888
889
891
892
892
892
895
898
898
898
900
902
902
902
902
903
904
904
905
905
906
907
908
909
912
913
913
913
914
914
915
917
918
918
918
921
923
923
923
925
925
926
926
927
927
927
930
930
930
932
932
933
934
934
935
937
938
940
940
940
942
943
945
947
948
949
949
950
950
951
951
952
953
954
954
954
954
956
959
959
960
966
967
969
969
970
970
971
972
972
972
974
975
978
979
980
982
983
983
984
984
985
986
987
989
990
992
993
993
993
994
996
996
997
998
998
999
999
1000
1003
1003
1004
1005
1006
1006
1007
1008
1008
1008
1009
1009
1010
1013
1014
1014
1014
1015
1015
1018
1020
1020
1020
1020
1020
1021
1021
1022
1022
1023
1023
1024
1024
1024
1025
1025
1027
1028
1029
1029
1030
1030
1030
1031
1032
1033
1033
1034
1034
1034
1036
1036
1036
1037
1038
1039
1039
1039
1039
1041
1041
1042
1042
1042
1044
1046
1046
1047
1047
1048
1049
1050
1051
1051
1051
1052
1053
1053
1053
1054
1054
1055
1055
1056
1056
1056
1056
1057
1057
1057
1058
1058
1059
1060
1061
1061
1062
1062
1064
1064
1066
1067
1070
1070
1071
1071
1071
1074
1076
1076
1077
1077
1077
1078
1079
1080
1080
1081
1081
1082
1083
1083
1086
1086
1087
1087
1089
1089
1090
1090
1090
1091
1092
1093
1096
1096
1100
1101
1101
1102
1103
1103
1103
1105
1106
1106
1106
1107
1108
1108
1110
1112
1113
1114
1114
1115
1116
1117
1118
1122
1124
1124
1124
1124
1124
1124
1125
1129
1129
1132
1133
1134
1134
1136
1137
1140
1142
1142
1144
1144
1145
1146
1146
1146
1147
1147
1147
1148
1149
1149
1152
1153
1155
1155
1156
1156
1157
1158
1158
1159
1159
1160
1163
1163
1165
1165
1165
1166
1167
1169
1170
1170
1171
1172
1172
1172
1176
1176
1177
1178
1179
1179
1181
1181
1184
1184
1185
1185
1186
1189
1192
1194
1194
1196
1196
1199
1204
1204
1207
1208
1209
1209
1210
1210
1212
1213
1215
1215
1216
1216
1217
1219
1219
1220
1220
1221
1222
1222
1222
1223
1223
1225
1226
1226
1229
1230
1232
1233
1233
1235
1236
1236
1237
1239
1240
1240
1240
1240
1241
1242
1245
1246
1246
1246
1247
1247
1248
1250
1250
1251
1251
1251
1252
1252
1252
1252
1254
1254
1255
1256
1256
1257
1257
1258
1258
1259
1259
1260
1260
1260
1261
1262
1262
1264
1264
1264
1264
1265
1265
1267
1268
1269
1270
1271
1271
1271
1275
1275
1280
1283
1284
1285
1285
1286
1288
1288
1288
1289
1290
1291
1293
1293
1294
1297
1297
1298
1303
1303
1304
1304
1305
1306
1307
1308
1308
1309
1311
1311
1311
1312
1312
1313
1314
1315
1315
1315
1316
1317
1317
1317
1318
1320
1320
1321
1323
1325
1328
1328
1329
1329
1332
1333
1334
1335
1336
1336
1336
1339
1339
1340
1340
1341
1341
1341
1343
1344
1345
1347
1347
1347
1348
1348
1349
1350
1352
1353
1354
1355
1356
1357
1357
1359
1359
1359
1359
1363
1364
1366
1369
1371
1372
1373
1374
1374
1374
1375
1377
1378
1378
1378
1379
1382
1384
1384
1385
1386
1386
1387
1387
1387
1388
1388
1389
1389
1392
1396
1398
1399
1399
1400
1401
1401
1404
1404
1405
1405
1405
1406
1406
1408
1408
1409
1410
1412
1412
1413
1416
1419
1419
1419
1420
1420
1420
1421
1424
1424
1425
1428
1428
1429
1430
1431
1431
1432
1433
1433
1434
1435
1436
1436
1438
1438
1439
1441
1441
1441
1441
1442
1444
1444
1445
1446
1446
1447
1449
1450
1451
1451
1451
1453
1455
1455
1458
1459
1459
1460
1462
1463
1464
1465
1466
1469
1469
1470
1471
1471
1471
1473
1474
1474
1475
1475
1478
1478
1478
1479
1480
1481
1485
1486
1489
1490
1491
1491
1492
1493
1493
1495
1496
1497
1498
1499
1499
1499
1500
1500
1501
1502
1502
1503
1503
1505
1509
1509
1509
1510
1511
1512
1515
1515
1516
1516
1517
1520
1520
1520
1522
1523
1523
1523
1526
1526
1529
1529
1531
1532
1532
1532
1532
1534
1534
1534
1536
1536
1538
1539
1540
1540
1541
1541
1542
1543
1544
1544
1547
1548
1548
1549
1549
1549
1551
1551
1554
1554
1555
1556
1556
1556
1557
1560
1562
1563
1564
1564
1565
1566
1567
1569
1570
1570
1571
1572
1572
1575
1575
1578
1579
1579
1582
1583
1583
1584
1587
1589
1590
1594
1594
1595
1597
1599
1599
1599
1600
1600
1601
1602
1602
1602
1604
1605
1606
1606
1607
1609
1611
1615
1615
1615
1617
1618
1620
1620
1622
1623
1623
1624
1624
1629
1629
1633
1633
1634
1634
1635
1639
1640
1641
1641
1641
1641
1642
1642
1646
1648
1651
1652
1653
1655
1655
1656
1661
1664
1664
1665
1666
1667
1669
1670
1671
1672
1673
1674
1678
1678
1680
1683
1687
1687
1687
1688
1690
1691
1692
1693
1693
1694
1695
1696
1696
1698
1700
1700
1701
1701
1702
1703
1703
1706
1706
1707
1710
1710
1711
1712
1712
1715
1715
1715
1716
1716
1717
1718
1719
1719
1720
1722
1724
1726
1727
1729
1729
1729
1732
1733
1734
1735
1738
1739
1740
1741
1741
1742
1742
1743
1746
1747
1748
1749
1750
1750
1750
1754
1755
1756
1757
1757
1758
1758
1759
1759
1760
1761
1761
1761
1762
1765
1765
1767
1767
1770
1770
1770
1771
1772
1772
1773
1777
1778
1779
1780
1780
1781
1781
1781
1781
1783
1784
1785
1787
1789
1789
1791
1794
1794
1794
1795
1796
1796
1800
1800
1809
1810
1810
1812
1812
1816
1816
1819
1820
1821
1821
1821
1822
1823
1825
1827
1828
1828
1828
1829
1832
1832
1833
1833
1833
1835
1835
1835
1835
1836
1836
1838
1838
1839
1842
1843
1843
1844
1844
1845
1846
1847
1847
1848
1848
1849
1850
1850
1852
1853
1855
1855
1856
1858
1859
1860
1860
1860
1862
1862
1863
1864
1865
1865
1866
1867
1867
1870
1870
1871
1873
1873
1874
1874
1877
1878
1878
1880
1880
1881
1883
1884
1884
1885
1886
1886
1887
1887
1888
1888
1889
1890
1893
1895
1895
1895
1895
1896
1898
1899
1900
1900
1901
1902
1903
1904
1905
1905
1906
1910
1911
1911
1911
1912
1915
1916
1919
1921
1921
1922
1922
1923
1924
1925
1925
1927
1927
1928
1929
1929
1929
1929
1929
1930
1931
1932
1932
1933
1934
1935
1936
1937
1937
1937
1938
1940
1940
1941
1941
1944
1944
1945
1945
1947
1948
1948
1949
1951
1953
1953
1957
1957
1958
1958
1959
1959
1961
1961
1963
1964
1965
1969
1970
1972
1975
1976
1977
1980
1981
1982
1984
1984
1984
1988
1988
1988
1988
1988
1988
1989
1989
1990
1991
1991
1992
1993
1993
1995
1997
1999
2000
2001
2003
2004
2005
2007
2007
2008
2008
2010
2011
2013
2014
2017
2018
2020
2021
2021
2022
2022
2023
2023
2023
2024
2025
2026
2026
2026
2027
2029
2030
2031
2032
2034
2034
2036
2037
2037
2039
2040
2042
2042
2042
2042
2043
2043
2044
2045
2046
2046
2047
2047
2049
2050
2050
2053
2054
2056
2057
2057
2062
2063
2063
2063
2065
2066
2067
2068
2069
2070
2071
2071
2072
2073
2073
2075
2076
2077
2079
2079
2082
2082
2083
2083
2084
2086
2086
2087
2087
2087
2087
2088
2089
2090
2090
2094
2094
2095
2096
2096
2097
2097
2097
2099
2099
2100
2100
2101
2102
2103
2103
2103
2103
2105
2106
2108
2110
2110
2110
2111
2111
2112
2113
2113
2114
2115
2115
2116
2118
2118
2119
2119
2120
2120
2122
2122
2124
2126
2127
2128
2129
2129
2130
2130
2130
2130
2131
2132
2133
2133
2135
2137
2138
2138
2138
2140
2140
2140
2141
2141
2141
2142
2142
2142
2143
2144
2144
2146
2146
2146
2146
2147
2148
2148
2149
2150
2151
2152
2154
2154
2155
2157
2157
2158
2159
2159
2159
2159
2160
2160
2162
2163
2165
2165
2165
2166
2166
2167
2167
2168
2168
2168
2172
2172
2174
2174
2175
2176
2177
2178
2179
2181
2183
2184
2185
2185
2185
2186
2186
2187
2187
2188
2188
2189
2190
2190
2191
2191
2192
2192
2193
2193
2194
2194
2196
2196
2197
2197
2198
2198
2198
2198
2200
2201
2201
2202
2202
2204
2205
2206
2206
2206
2207
2208
2209
2210
2212
2212
2214
2214
2215
2216
2216
2217
2223
2223
2224
2224
2228
2229
2230
2231
2232
2232
2233
2239
2239
2240
2240
2241
2241
2242
2243
2243
2244
2244
2245
2246
2249
2249
2250
2250
2252
2254
2255
2257
2257
2262
2263
2263
2263
2263
2264
2264
2265
2265
2267
2267
2267
2269
2270
2270
2272
2273
2273
2276
2277
2278
2281
2282
2283
2284
2285
2287
2287
2288
2288
2288
2288
2289
2292
2293
2293
2296
2297
2298
2299
2302
2302
2304
2304
2305
2305
2305
2305
2306
2307
2307
2308
2308
2310
2310
2312
2313
2314
2315
2315
2316
2316
2317
2317
2318
2318
2321
2322
2323
2324
2325
2327
2330
2330
2331
2331
2332
2332
2333
2334
2334
2335
2336
2340
2341
2344
2344
2346
2347
2349
2350
2351
2351
2354
2354
2356
2356
2357
2358
2358
2359
2361
2361
2361
2361
2363
2364
2364
2364
2366
2367
2369
2370
2370
2371
2373
2373
2374
2374
2374
2374
2375
2375
2375
2376
2377
2378
2379
2380
2381
2381
2382
2383
2383
2384
2385
2386
2387
2389
2390
2390
2391
2392
2394
2394
2395
2398
2399
2400
2400
2400
2400
2403
2404
2405
2407
2408
2410
2410
2411
2411
2412
2412
2412
2415
2415
2416
2418
2419
2421
2422
2422
2423
2423
2425
2425
2426
2426
2426
2427
2427
2427
2427
2429
2429
2431
2432
2433
2433
2435
2437
2438
2439
2440
2440
2440
2441
2441
2442
2443
2443
2443
2443
2444
2444
2444
2444
2445
2445
2445
2446
2448
2449
2450
2450
2452
2453
2455
2456
2457
2457
2458
2458
2459
2459
2460
2460
2462
2462
2463
2463
2464
2466
2467
2469
2471
2472
2475
2476
2476
2476
2479
2479
2479
2479
2480
2482
2483
2484
2484
2486
2487
2488
2488
2489
2491
2491
2492
2493
2493
2495
2495
2495
2495
2496
2497
2497
2498
2498
2498
2500
2500
2500
2501
2502
2502
2503
2504
2506
2506
2507
2507
2509
2509
2510
2511
2511
2513
2518
2519
2520
2522
2522
2523
2524
2525
2528
2528
2530
2532
2533
2534
2534
2535
2535
2536
2536
2537
2537
2537
2542
2543
2543
2544
2544
2546
2546
2547
2547
2549
2554
2555
2556
2557
2558
2559
2559
2561
2562
2563
2565
2566
2566
2566
2567
2571
2572
2572
2575
2575
2576
2576
2577
2580
2580
2580
2580
2586
2586
2586
2587
2588
2588
2588
2589
2590
2591
2592
2596
2597
2599
2600
2603
2604
2604
2605
2605
2606
2606
2607
2607
2607
2609
2610
2610
2611
2612
2615
2615
2617
2617
2617
2618
2620
2620
2623
2624
2624
2627
2628
2629
2629
2629
2631
2631
2631
2632
2632
2632
2632
2636
2636
2637
2637
2638
2640
2641
2641
2643
2643
2644
2645
2646
2646
2647
2648
2648
2649
2650
2650
2651
2651
2652
2652
2653
2653
2654
2656
2657
2660
2662
2664
2665
2666
2667
2668
2674
2677
2678
2678
2678
2680
2681
2681
2682
2684
2684
2685
2686
2686
2688
2688
2690
2690
2692
2693
2695
2696
2697
2698
2701
2701
2702
2703
2703
2705
2706
2708
2708
2708
2709
2709
2713
2714
2714
2715
2715
2715
2715
2716
2716
2716
2717
2719
2720
2721
2722
2722
2723
2723
2724
2728
2728
2729
2732
2733
2734
2734
2735
2736
2737
2737
2738
2739
2740
2741
2743
2743
2745
2745
2745
2745
2746
2746
2746
2748
2748
2748
2750
2750
2750
2751
2751
2751
2752
2752
2752
2753
2753
2753
2754
2754
2758
2758
2759
2761
2761
2761
2763
2765
2766
2767
2768
2770
2771
2772
2775
2775
2777
2777
2777
2778
2779
2781
2781
2782
2782
2782
2787
2789
2789
2789
2789
2790
2790
2791
2793
2793
2794
2795
2796
2796
2800
2800
2801
2801
2803
2805
2806
2806
2807
2808
2809
2810
2812
2813
2814
2815
2815
2816
2817
2817
2819
2820
2820
2821
2823
2824
2824
2828
2828
2828
2830
2830
2830
2830
2832
2834
2835
2835
2836
2836
2838
2838
2840
2840
2844
2844
2844
2845
2847
2849
2849
2853
2853
2854
2854
2856
2861
2861
2862
2864
2865
2866
2866
2867
2868
2869
2871
2871
2875
2877
2877
2879
2879
2879
2880
2881
2881
2883
2883
2884
2884
2884
2886
2887
2887
2887
2888
2888
2889
2890
2890
2891
2891
2892
2892
2893
2895
2896
2896
2899
2901
2903
2903
2904
2905
2906
2907
2908
2908
2909
2909
2910
2921
2921
2921
2923
2923
2923
2924
2925
2926
2926
2927
2928
2932
2934
2936
2936
2937
2937
2938
2938
2941
2941
2942
2942
2943
2946
2947
2947
2947
2950
2952
2953
2955
2956
2956
2957
2957
2958
2958
2959
2959
2960
2961
2962
2962
2964
2965
2965
2966
2967
2969
2969
2970
2971
2971
2971
2972
2972
2972
2973
2973
2975
2976
2977
2978
2979
2980
2982
2982
2984
2985
2986
2987
2989
2992
2992
2993
2993
2994
2996
2998
2999
3000
3001
3001
3002
3006
3008
3010
3011
3013
3014
3014
3017
3018
3018
3018
3019
3019
3019
3021
3021
3022
3023
3024
3024
3025
3025
3027
3029
3029
3031
3031
3032
3034
3035
3036
3037
3037
3037
3038
3039
3039
3039
3040
3043
3044
3045
3049
3050
3051
3051
3051
3051
3053
3053
3053
3055
3055
3057
3058
3060
3061
3061
3062
3063
3063
3064
3065
3066
3066
3066
3067
3070
3071
3071
3071
3072
3072
3074
3075
3075
3075
3076
3076
3077
3079
3079
3080
3080
3080
3083
3084
3085
3086
3086
3088
3089
3089
3089
3090
3091
3092
3092
3095
3097
3099
3100
3100
3100
3101
3102
3103
3103
3103
3103
3103
3103
3105
3106
3106
3107
3107
3114
3115
3115
3117
3118
3119
3122
3123
3125
3125
3125
3126
3126
3126
3129
3130
3130
3130
3131
3132
3132
3134
3136
3136
3138
3138
3138
3139
3142
3145
3147
3147
3149
3150
3151
3151
3151
3153
3154
3157
3158
3159
3161
3162
3162
3163
3164
3164
3164
3165
3167
3167
3168
3168
3168
3170
3170
3172
3176
3177
3179
3179
3179
3180
3180
3183
3185
3186
3187
3190
3191
3191
3191
3193
3195
3195
3196
3196
3199
3202
3202
3203
3204
3204
3205
3205
3205
3207
3207
3208
3209
3211
3212
3214
3216
3219
3219
3220
3220
3223
3227
3230
3231
3232
3233
3233
3233
3234
3235
3235
3237
3237
3237
3238
3239
3240
3243
3245
3246
3247
3247
3248
3249
3251
3252
3252
3252
3253
3253
3254
3255
3256
3257
3258
3258
3260
3265
3269
3270
3270
3272
3272
3273
3273
3273
3274
3276
3276
3278
3278
3279
3280
3282
3284
3286
3287
3287
3288
3289
3289
3289
3289
3292
3293
3294
3295
3295
3296
3296
3297
3299
3301
3302
3302
3303
3304
3305
3306
3307
3307
3310
3313
3314
3315
3315
3316
3316
3318
3318
3319
3320
3320
3323
3324
3325
3327
3330
3330
3331
3331
3332
3333
3335
3336
3337
3338
3338
3339
3341
3342
3342
3344
3345
3345
3348
3350
3352
3352
3353
3354
3354
3356
3356
3358
3359
3359
3361
3361
3361
3362
3362
3362
3364
3366
3367
3369
3371
3371
3372
3374
3375
3376
3377
3378
3379
3380
3384
3384
3384
3385
3385
3386
3387
3388
3389
3389
3389
3390
3391
3391
3391
3391
3393
3396
3396
3399
3402
3404
3405
3406
3407
3407
3407
3408
3408
3408
3412
3415
3417
3418
3419
3421
3421
3422
3422
3425
3425
3425
3427
3427
3428
3431
3433
3435
3435
3436
3436
3440
3440
3441
3443
3445
3445
3445
3447
3449
3449
3450
3450
3452
3452
3453
3455
3457
3458
3459
3459
3459
3462
3463
3464
3464
3465
3465
3466
3466
3466
3467
3469
3470
3472
3472
3473
3473
3475
3476
3476
3476
3478
3478
3484
3484
3485
3487
3487
3492
3493
3494
3494
3495
3497
3498
3498
3499
3500
3502
3502
3502
3504
3504
3505
3506
3510
3512
3513
3514
3518
3519
3520
3521
3524
3526
3526
3528
3529
3531
3532
3533
3534
3536
3538
3538
3539
3539
3539
3542
3543
3543
3546
3547
3549
3549
3549
3550
3551
3552
3553
3553
3554
3554
3555
3555
3556
3557
3558
3560
3561
3562
3564
3564
3564
3567
3567
3570
3571
3572
3572
3572
3573
3574
3575
3576
3577
3577
3577
3579
3579
3580
3581
3583
3583
3585
3587
3588
3588
3588
3589
3590
3590
3591
3592
3592
3594
3596
3596
3597
3597
3599
3599
3601
3601
3604
3604
3605
3607
3608
3608
3608
3609
3610
3611
3611
3615
3615
3615
3616
3621
3624
3624
3626
3626
3628
3629
3631
3636
3637
3638
3640
3641
3641
3643
3645
3646
3646
3646
3646
3647
3648
3649
3652
3658
3658
3658
3659
3659
3660
3662
3662
3664
3664
3666
3668
3668
3668
3669
3670
3672
3674
3674
3675
3675
3677
3679
3680
3682
3685
3687
3687
3689
3690
3691
3693
3696
3699
3704
3704
3705
3705
3705
3706
3707
3707
3708
3709
3712
3712
3713
3715
3715
3715
3718
3718
3719
3720
3722
3724
3727
3728
3729
3729
3730
3730
3731
3733
3734
3737
3737
3739
3740
3740
3742
3745
3745
3746
3748
3749
3751
3751
3753
3756
3757
3759
3760
3761
3761
3763
3765
3767
3770
3771
3773
3773
3773
3773
3775
3775
3775
3776
3776
3776
3776
3776
3777
3777
3782
3782
3782
3783
3783
3785
3786
3786
3786
3789
3789
3792
3793
3793
3794
3797
3797
3798
3799
3803
3804
3804
3804
3805
3806
3807
3809
3809
3810
3811
3812
3814
3814
3814
3815
3819
3820
3820
3822
3823
3824
3825
3826
3827
3829
3829
3830
3830
3831
3832
3833
3834
3834
3835
3839
3839
3839
3840
3841
3842
3842
3844
3844
3846
3847
3849
3849
3849
3850
3851
3854
3855
3859
3862
3862
3863
3866
3866
3867
3869
3871
3872
3872
3873
3874
3874
3875
3876
3876
3877
3877
3877
3878
3878
3878
3880
3881
3881
3882
3886
3887
3887
3887
3888
3888
3888
3889
3889
3891
3891
3892
3892
3893
3896
3897
3897
3899
3901
3903
3903
3904
3905
3907
3908
3909
3909
3911
3912
3913
3919
3920
3922
3922
3925
3925
3926
3926
3929
3930
3930
3934
3941
3942
3948
3949
3950
3952
3952
3953
3957
3958
3958
3959
3961
3964
3966
3966
3968
3969
3969
3969
3969
3970
3972
3974
3974
3974
3975
3975
3977
3978
3978
3978
3980
3980
3981
3983
3983
3985
3986
3986
3988
3990
3991
3991
3994
3994
3994
3994
3995
3996
3997
4000
4003
4004
4004
4006
4006
4008
4008
4009
4010
4010
4011
4011
4011
4012
4015
4017
4017
4018
4019
4020
4021
4021
4022
4026
4027
4029
4030
4034
4035
4035
4036
4039
4039
4042
4042
4043
4043
4046
4046
4046
4046
4047
4049
4049
4050
4052
4054
4055
4055
4055
4055
4057
4059
4060
4060
4062
4066
4066
4067
4068
4069
4070
4070
4074
4074
4075
4075
4076
4076
4076
4078
4079
4081
4083
4083
4084
4084
4085
4086
4086
4086
4088
4089
4089
4089
4091
4092
4092
4093
4093
4095
4096
4097
4097
4098
4099
4100
4101
4101
4106
4106
4108
4108
4109
4111
4113
4114
4117
4117
4117
4119
4119
4119
4120
4120
4121
4123
4125
4125
4127
4128
4129
4131
4131
4132
4132
4132
4133
4134
4135
4135
4135
4135
4136
4136
4137
4139
4139
4140
4142
4142
4143
4143
4144
4145
4145
4146
4152
4153
4153
4153
4153
4154
4155
4155
4156
4157
4158
4160
4161
4161
4162
4162
4164
4165
4166
4167
4168
4169
4173
4173
4174
4174
4175
4175
4176
4177
4178
4179
4179
4181
4181
4182
4182
4183
4184
4185
4185
4186
4189
4189
4189
4189
4190
4190
4192
4193
4193
4194
4196
4198
4198
4199
4199
4200
4200
4200
4201
4201
4202
4202
4203
4206
4206
4207
4207
4207
4207
4209
4210
4210
4211
4211
4219
4219
4219
4219
4220
4220
4223
4224
4225
4225
4227
4227
4228
4229
4231
4232
4234
4234
4234
4235
4235
4238
4240
4240
4242
4243
4243
4244
4244
4248
4249
4250
4251
4251
4251
4254
4254
4256
4257
4257
4257
4258
4259
4259
4260
4260
4262
4264
4265
4265
4265
4266
4267
4267
4269
4270
4271
4271
4272
4273
4275
4277
4277
4279
4279
4281
4281
4281
4282
4283
4284
4285
4288
4288
4289
4289
4290
4295
4296
4298
4299
4299
4302
4303
4305
4305
4306
4306
4308
4309
4312
4313
4313
4314
4315
4315
4316
4316
4317
4317
4317
4319
4319
4321
4321
4322
4322
4322
4326
4327
4327
4327
4328
4328
4328
4328
4329
4330
4331
4331
4332
4332
4333
4334
4335
4336
4336
4337
4337
4338
4340
4341
4342
4342
4342
4343
4343
4344
4344
4347
4347
4349
4351
4351
4352
4352
4355
4357
4357
4359
4359
4360
4360
4363
4364
4366
4367
4369
4369
4371
4376
4377
4378
4378
4378
4380
4381
4382
4383
4385
4389
4390
4390
4391
4392
4392
4393
4394
4396
4397
4398
4398
4400
4400
4401
4401
4402
4403
4403
4406
4406
4408
4409
4410
4411
4411
4412
4413
4413
4414
4416
4417
4418
4422
4424
4426
4438
4440
4440
4444
4445
4445
4448
4448
4450
4454
4455
4456
4457
4458
4458
4458
4458
4459
4461
4461
4462
4463
4463
4463
4465
4466
4466
4467
4467
4468
4468
4469
4469
4471
4472
4473
4475
4477
4478
4479
4483
4483
4487
4487
4488
4489
4490
4490
4490
4494
4494
4495
4499
4501
4501
4503
4503
4505
4505
4508
4509
4512
4512
4513
4514
4515
4516
4516
4517
4519
4521
4522
4524
4525
4525
4526
4527
4529
4531
4535
4535
4536
4538
4539
4541
4541
4542
4544
4545
4549
4549
4550
4550
4551
4552
4554
4555
4555
4559
4561
4561
4562
4565
4566
4568
4571
4571
4575
4577
4578
4579
4580
4580
4581
4582
4583
4584
4586
4587
4589
4589
4589
4593
4594
4596
4597
4598
4598
4599
4600
4602
4602
4602
4603
4607
4608
4608
4608
4608
4608
4609
4610
4610
4611
4611
4614
4614
4615
4616
4619
4619
4619
4619
4620
4620
4621
4622
4623
4624
4624
4625
4625
4627
4627
4630
4631
4631
4632
4633
4635
4637
4638
4638
4642
4643
4643
4644
4646
4646
4647
4648
4650
4652
4652
4654
4655
4655
4656
4657
4661
4661
4661
4662
4663
4663
4663
4664
4666
4666
4668
4669
4669
4670
4670
4671
4671
4672
4675
4676
4676
4678
4678
4680
4680
4680
4683
4683
4685
4685
4686
4689
4690
4691
4691
4692
4692
4693
4693
4699
4699
4701
4703
4704
4704
4706
4706
4706
4706
4709
4713
4713
4715
4715
4716
4718
4718
4718
4719
4719
4720
4720
4724
4725
4725
4726
4727
4728
4729
4731
4736
4736
4737
4737
4737
4739
4740
4741
4743
4745
4745
4746
4746
4747
4749
4749
4750
4751
4751
4751
4754
4755
4756
4756
4757
4758
4761
4761
4762
4763
4764
4765
4770
4772
4772
4772
4775
4776
4778
4778
4778
4779
4781
4786
4786
4790
4791
4793
4794
4794
4795
4796
4797
4798
4799
4800
4804
4808
4808
4810
4811
4813
4815
4816
4817
4817
4818
4822
4823
4824
4826
4826
4828
4830
4831
4831
4832
4832
4833
4833
4833
4835
4835
4839
4839
4840
4842
4843
4844
4844
4847
4847
4847
4848
4848
4850
4851
4853
4853
4854
4855
4855
4856
4857
4861
4861
4862
4863
4864
4864
4865
4865
4867
4869
4869
4870
4870
4871
4871
4871
4872
4873
4873
4874
4877
4877
4879
4880
4882
4882
4887
4888
4888
4889
4889
4890
4890
4891
4892
4892
4892
4893
4894
4895
4897
4898
4898
4898
4899
4901
4902
4903
4904
4904
4905
4906
4909
4909
4910
4912
4912
4915
4917
4918
4919
4920
4923
4923
4923
4926
4927
4928
4928
4929
4929
4931
4932
4933
4933
4934
4935
4936
4937
4938
4941
4942
4943
4944
4944
4944
4944
4945
4946
4946
4946
4947
4948
4948
4949
4949
4951
4951
4952
4953
4953
4954
4956
4956
4956
4959
4960
4960
4960
4963
4964
4965
4966
4967
4968
4970
4970
4971
4971
4971
4972
4972
4973
4974
4974
4975
4976
4977
4978
4978
4979
4979
4980
4980
4982
4983
4983
4984
4984
4984
4985
4986
4987
4987
4988
4989
4993
4994
4994
4995
4995
4995
4996
4996
4997
4998
4998
4998
4998
