4996
4989
4988
4985
4979
4976
4969
4967
4959
4955
4941
4938
4936
4930
4918
4905
4901
4889
4885
4883
4882
4872
4870
4868
4863
4859
4856
4833
4818
4814
4813
4802
4799
4789
4781
4781
4780
4778
4775
4772
4770
4766
4765
4763
4762
4760
4756
4751
4747
4737
4737
4732
4730
4724
4722
4702
4701
4696
4691
4690
4685
4681
4678
4669
4667
4666
4659
4633
4622
4616
4614
4613
4612
4608
4596
4586
4578
4572
4572
4569
4563
4561
4557
4555
4548
4548
4543
4542
4538
4538
4530
4528
4519
4510
4506
4505
4503
4497
4483
4482
4481
4472
4460
4437
4434
4433
4429
4423
4415
4414
4413
4409
4409
4406
4406
4403
4401
4398
4396
4394
4390
4383
4371
4363
4362
4342
4340
4333
4324
4316
4310
4307
4306
4291
4278
4274
4274
4260
4255
4238
4234
4233
4228
4222
4214
4207
4195
4194
4191
4180
4180
4177
4165
4163
4157
4156
4154
4153
4146
4145
4130
4126
4123
4112
4106
4098
4092
4089
4085
4073
4073
4066
4065
4064
4063
4049
4046
4042
4035
4034
4028
4016
4015
4009
3994
3991
3987
3982
3981
3974
3970
3964
3964
3947
3934
3932
3914
3908
3907
3905
3902
3900
3892
3887
3874
3874
3853
3849
3845
3841
3840
3824
3822
3804
3803
3796
3795
3794
3793
3789
3787
3787
3774
3773
3773
3769
3761
3757
3754
3752
3742
3742
3735
3730
3716
3712
3705
3698
3697
3697
3695
3694
3692
3691
3686
3675
3673
3672
3664
3651
3651
3649
3649
3632
3631
3627
3626
3622
3613
3604
3601
3598
3597
3596
3587
3574
3571
3569
3567
3565
3565
3560
3554
3550
3547
3546
3542
3539
3529
3493
3479
3478
3472
3464
3460
3453
3448
3440
3440
3426
3423
3417
3409
3408
3394
3385
3382
3375
3372
3366
3359
3352
3349
3346
3339
3338
3337
3337
3336
3333
3332
3331
3327
3323
3323
3319
3316
3292
3289
3286
3280
3276
3260
3253
3238
3224
3223
3221
3220
3219
3217
3209
3184
3172
3146
3139
3131
3119
3110
3106
3103
3089
3085
3082
3082
3077
3071
3068
3066
3058
3053
3050
3041
3040
3039
3035
3034
3029
3028
3024
3011
3005
3005
3002
2995
2976
2970
2965
2960
2959
2958
2957
2957
2945
2942
2939
2937
2930
2914
2899
2897
2897
2894
2889
2880
2878
2867
2844
2842
2822
2818
2818
2816
2807
2798
2795
2793
2784
2777
2760
2759
2758
2756
2750
2747
2745
2745
2745
2743
2736
2734
2727
2725
2725
2725
2724
2719
2718
2717
2708
2706
2705
2702
2695
2693
2690
2686
2685
2681
2673
2671
2666
2662
2659
2653
2647
2640
2631
2630
2629
2628
2628
2627
2625
2625
2622
2620
2619
2613
2613
2612
2612
2608
2608
2601
2598
2593
2592
2585
2583
2576
2573
2559
2551
2545
2543
2543
2535
2527
2517
2513
2511
2508
2506
2495
2493
2489
2489
2488
2487
2473
2458
2455
2449
2449
2447
2440
2416
2412
2411
2410
2408
2405
2392
2391
2390
2384
2372
2370
2360
2357
2355
2350
2347
2342
2336
2330
2296
2294
2293
2291
2277
2277
2275
2272
2256
2248
2245
2245
2238
2232
2229
2227
2226
2226
2213
2210
2210
2205
2204
2195
2184
2173
2170
2168
2158
2147
2138
2136
2132
2116
2109
2096
2096
2093
2091
2086
2086
2078
2074
2061
2053
2040
2039
2039
2038
2033
2028
2022
2015
2002
1999
1997
1981
1979
1976
1971
1969
1960
1959
1955
1950
1944
1944
1944
1933
1931
1925
1925
1920
1901
1898
1896
1894
1888
1864
1861
1855
1854
1853
1852
1851
1847
1847
1846
1846
1840
1839
1836
1833
1829
1829
1826
1824
1823
1821
1819
1815
1812
1805
1805
1798
1789
1788
1785
1784
1782
1780
1777
1773
1752
1750
1749
1733
1733
1729
1728
1715
1714
1709
1696
1696
1696
1696
1686
1681
1679
1670
1668
1664
1663
1661
1655
1654
1648
1641
1624
1624
1622
1613
1612
1583
1580
1577
1572
1565
1562
1559
1553
1553
1551
1544
1543
1538
1534
1528
1526
1522
1519
1519
1518
1518
1515
1511
1511
1508
1507
1503
1498
1494
1491
1488
1487
1487
1480
1480
1480
1476
1473
1472
1468
1467
1466
1465
1457
1456
1454
1440
1437
1426
1422
1414
1387
1384
1378
1377
1375
1371
1370
1367
1365
1365
1364
1364
1350
1334
1329
1311
1307
1307
1299
1298
1297
1287
1282
1280
1274
1272
1251
1250
1240
1232
1226
1225
1224
1206
1205
1203
1194
1186
1184
1183
1174
1173
1171
1171
1169
1163
1158
1153
1153
1152
1151
1150
1125
1117
1115
1114
1106
1104
1104
1099
1096
1095
1084
1079
1075
1074
1069
1065
1062
1055
1048
1043
1040
1035
1032
1029
1028
1027
1020
1018
1013
1008
1006
1006
999
997
996
988
985
982
956
947
946
942
941
939
931
929
928
927
921
915
901
900
892
888
886
885
874
871
860
854
852
844
844
840
839
826
825
819
814
812
807
801
799
793
789
788
781
773
766
765
759
755
751
745
738
733
733
722
719
718
709
699
686
682
681
681
680
678
675
667
666
657
652
649
647
646
643
638
638
629
625
621
613
600
599
597
581
572
563
558
558
557
544
542
530
528
524
524
523
521
519
506
502
491
491
483
482
482
473
472
471
469
466
463
448
446
444
440
422
421
421
417
417
401
401
399
396
391
389
386
376
375
374
368
366
364
358
358
358
344
341
335
334
330
324
324
321
310
309
303
298
297
277
272
270
268
263
259
258
255
252
251
246
243
241
227
224
223
222
221
216
208
206
204
202
192
173
167
167
163
156
149
147
142
142
140
138
135
131
119
111
107
104
100
85
56
49
47
46
37
33
28
26
25
13
11
6
6
6
5
4
2
1
1
1
0
