4951
4911
4909
4884
4743
4651
4649
4441
4220
4209
4177
4157
4110
4018
4001
3858
3777
3769
3708
3691
3537
3397
3381
3365
3355
3283
3221
3209
3154
3060
2968
2958
2884
2748
2697
2673
2561
2527
2526
2518
2508
2468
2356
2309
2285
2227
2153
2073
2060
2039
2028
1963
1932
1851
1829
1826
1703
1615
1611
1560
1546
1488
1486
1485
1480
1471
1465
1461
1407
1132
1062
1050
989
963
958
857
853
781
778
748
730
719
712
700
682
632
619
614
561
493
472
471
434
363
275
240
163
83
35
30
