4969
4921
4855
4818
4759
4751
4719
4673
4617
4612
4591
4559
4508
4494
4490
4486
4484
4478
4466
4464
4453
4427
4411
4368
4338
4326
4313
4283
4265
4255
4219
4200
4191
4169
4130
4106
4060
4048
3984
3878
3864
3848
3840
3818
3782
3713
3713
3533
3520
3505
3494
3481
3438
3426
3400
3375
3370
3340
3325
3224
3188
3187
3180
3079
3056
3029
3023
3022
2987
2932
2823
2812
2794
2701
2648
2630
2572
2554
2550
2478
2470
2422
2414
2408
2396
2359
2343
2328
2326
2314
2304
2243
2225
2218
2181
2162
2161
2147
2141
2115
2099
2071
2026
1979
1974
1970
1947
1937
1901
1897
1891
1872
1868
1822
1808
1777
1736
1735
1727
1686
1679
1677
1636
1625
1622
1601
1529
1524
1524
1483
1451
1450
1395
1349
1333
1326
1287
1281
1267
1256
1241
1210
1107
1089
1083
1072
1050
1012
1000
990
976
964
945
936
934
926
901
844
809
807
803
800
788
777
769
736
715
705
704
681
660
659
641
629
605
594
589
560
530
514
491
462
418
381
294
291
284
275
239
216
216
209
178
105
104
94
79
49
44
12
