4998
4997
4994
4987
4986
4982
4979
4978
4975
4972
4970
4969
4968
4967
4967
4964
4962
4962
4960
4958
4958
4957
4955
4955
4953
4949
4949
4948
4938
4937
4936
4933
4932
4930
4929
4927
4925
4923
4920
4919
4919
4915
4913
4911
4909
4899
4897
4896
4893
4891
4891
4889
4888
4885
4884
4880
4879
4877
4872
4871
4864
4862
4861
4853
4845
4845
4843
4843
4830
4829
4828
4825
4815
4812
4810
4808
4801
4800
4797
4795
4794
4791
4791
4779
4775
4771
4770
4766
4765
4764
4759
4759
4757
4756
4749
4737
4734
4732
4729
4728
4726
4724
4723
4723
4723
4720
4720
4720
4717
4715
4715
4712
4711
4709
4709
4708
4702
4694
4692
4690
4686
4677
4673
4671
4667
4665
4661
4660
4655
4648
4647
4646
4642
4641
4640
4635
4633
4633
4630
4617
4616
4612
4608
4604
4604
4599
4599
4592
4591
4584
4583
4581
4578
4577
4575
4575
4571
4570
4570
4567
4565
4565
4564
4561
4560
4558
4557
4555
4554
4554
4551
4550
4546
4544
4539
4539
4536
4535
4534
4531
4530
4525
4523
4523
4517
4516
4515
4507
4502
4501
4501
4501
4500
4499
4498
4496
4494
4493
4489
4484
4482
4471
4464
4462
4462
4456
4455
4452
4450
4450
4449
4448
4444
4441
4441
4436
4434
4433
4433
4429
4429
4420
4420
4417
4417
4416
4413
4409
4406
4405
4403
4401
4396
4386
4380
4373
4370
4369
4367
4350
4347
4345
4344
4343
4343
4339
4337
4335
4333
4325
4324
4324
4322
4321
4320
4318
4317
4317
4315
4313
4312
4308
4308
4307
4299
4298
4293
4290
4290
4289
4288
4287
4287
4287
4285
4283
4272
4271
4271
4262
4262
4261
4258
4257
4256
4255
4250
4249
4247
4244
4243
4243
4242
4237
4235
4231
4229
4227
4226
4225
4222
4207
4207
4206
4205
4196
4194
4194
4193
4190
4185
4184
4181
4179
4178
4176
4175
4174
4173
4171
4169
4166
4165
4164
4160
4158
4157
4156
4144
4143
4141
4140
4139
4135
4132
4131
4129
4123
4121
4121
4106
4102
4102
4096
4092
4089
4089
4087
4070
4068
4063
4060
4059
4059
4058
4053
4049
4047
4046
4043
4043
4042
4040
4032
4031
4020
4017
4007
4006
3987
3986
3985
3984
3983
3983
3981
3980
3977
3977
3977
3976
3974
3974
3972
3966
3965
3959
3959
3958
3955
3954
3953
3950
3947
3942
3940
3930
3925
3920
3918
3915
3913
3905
3902
3902
3898
3897
3890
3887
3887
3883
3882
3880
3879
3878
3874
3874
3870
3869
3867
3864
3861
3859
3858
3856
3853
3853
3852
3845
3845
3842
3840
3835
3834
3832
3830
3829
3826
3824
3823
3822
3820
3818
3813
3806
3806
3802
3801
3800
3797
3793
3792
3792
3790
3787
3784
3780
3779
3778
3776
3773
3766
3763
3758
3755
3749
3747
3734
3724
3722
3721
3718
3716
3715
3713
3711
3709
3704
3695
3695
3694
3693
3693
3692
3692
3683
3680
3677
3674
3667
3665
3662
3662
3659
3657
3653
3652
3652
3645
3642
3637
3629
3628
3626
3620
3619
3619
3619
3618
3614
3614
3612
3609
3603
3603
3603
3600
3600
3600
3596
3595
3588
3587
3586
3582
3581
3581
3572
3566
3565
3564
3560
3556
3553
3546
3545
3542
3537
3534
3534
3533
3531
3528
3524
3521
3519
3515
3513
3512
3512
3508
3507
3506
3502
3498
3498
3496
3495
3492
3491
3485
3485
3485
3482
3480
3475
3470
3469
3465
3458
3457
3456
3454
3451
3449
3448
3446
3445
3442
3441
3441
3439
3432
3432
3426
3411
3410
3403
3402
3401
3399
3394
3391
3389
3389
3379
3378
3374
3372
3372
3371
3369
3368
3367
3359
3356
3355
3353
3351
3346
3346
3345
3341
3340
3338
3337
3337
3337
3331
3331
3329
3324
3321
3319
3319
3319
3309
3306
3302
3298
3298
3297
3296
3293
3293
3293
3292
3290
3290
3289
3281
3278
3277
3275
3273
3269
3268
3268
3267
3260
3260
3259
3257
3255
3254
3250
3248
3248
3247
3246
3245
3242
3227
3222
3216
3213
3211
3204
3203
3195
3195
3194
3190
3187
3186
3185
3184
3180
3174
3174
3173
3168
3159
3159
3155
3151
3150
3148
3143
3143
3140
3138
3138
3137
3134
3133
3131
3129
3128
3127
3110
3105
3104
3104
3100
3095
3091
3090
3089
3088
3084
3081
3081
3078
3076
3065
3064
3063
3056
3055
3054
3050
3047
3042
3042
3038
3038
3032
3031
3029
3028
3026
3026
3019
3019
3014
3004
3003
3003
3002
3002
3000
2999
2994
2982
2977
2976
2974
2974
2970
2969
2969
2968
2967
2966
2959
2957
2954
2949
2944
2942
2941
2937
2934
2931
2930
2927
2927
2926
2924
2921
2921
2919
2918
2914
2913
2911
2908
2905
2903
2895
2894
2882
2882
2876
2876
2871
2864
2860
2859
2857
2850
2850
2849
2848
2845
2844
2841
2840
2831
2827
2823
2823
2820
2817
2816
2813
2813
2809
2809
2808
2807
2803
2802
2801
2800
2800
2798
2794
2794
2792
2791
2783
2779
2776
2775
2769
2769
2769
2764
2763
2762
2760
2759
2758
2758
2757
2755
2755
2753
2753
2753
2750
2744
2741
2741
2739
2737
2735
2731
2729
2727
2721
2720
2718
2717
2714
2714
2713
2710
2710
2709
2708
2702
2701
2691
2688
2687
2685
2684
2684
2683
2678
2678
2668
2665
2665
2664
2661
2660
2659
2658
2656
2655
2654
2653
2653
2650
2648
2646
2643
2642
2640
2638
2638
2637
2635
2635
2634
2632
2631
2626
2623
2623
2622
2620
2619
2615
2614
2611
2607
2603
2597
2591
2589
2588
2587
2585
2583
2583
2577
2576
2575
2574
2573
2572
2568
2558
2557
2556
2554
2548
2545
2544
2541
2541
2537
2537
2533
2531
2525
2521
2518
2517
2512
2511
2510
2500
2500
2494
2494
2492
2489
2489
2489
2489
2487
2482
2480
2476
2476
2471
2471
2470
2461
2461
2455
2449
2448
2446
2445
2444
2438
2436
2430
2430
2429
2423
2422
2421
2421
2420
2420
2418
2411
2409
2408
2404
2403
2402
2401
2398
2398
2397
2394
2391
2388
2387
2387
2386
2384
2382
2381
2378
2373
2369
2367
2364
2356
2355
2354
2354
2353
2350
2348
2348
2347
2340
2336
2335
2333
2328
2325
2322
2322
2314
2313
2307
2307
2307
2303
2299
2299
2297
2294
2292
2291
2288
2288
2288
2283
2281
2281
2280
2279
2276
2275
2274
2271
2271
2269
2269
2265
2264
2261
2256
2255
2255
2252
2249
2244
2241
2240
2237
2236
2235
2234
2234
2232
2231
2231
2229
2229
2227
2226
2224
2223
2222
2220
2220
2219
2217
2214
2213
2213
2212
2211
2211
2204
2202
2199
2192
2188
2182
2180
2177
2175
2171
2171
2171
2170
2167
2161
2159
2155
2155
2150
2150
2148
2140
2140
2133
2133
2131
2131
2127
2125
2119
2119
2113
2112
2112
2111
2111
2107
2097
2097
2095
2090
2090
2086
2085
2082
2075
2075
2072
2072
2071
2071
2070
2059
2051
2049
2048
2047
2046
2043
2039
2033
2032
2032
2031
2031
2030
2027
2025
2023
2022
2019
2018
2012
2011
2010
2002
2001
1999
1998
1997
1996
1994
1993
1993
1990
1990
1988
1987
1984
1979
1978
1973
1973
1972
1969
1961
1959
1959
1957
1953
1951
1950
1950
1950
1948
1942
1939
1938
1937
1936
1935
1933
1931
1929
1928
1927
1926
1925
1925
1924
1921
1919
1919
1918
1917
1915
1913
1912
1908
1908
1906
1905
1905
1903
1903
1902
1899
1889
1889
1884
1884
1882
1880
1879
1878
1876
1871
1868
1859
1855
1855
1851
1849
1847
1843
1842
1841
1841
1837
1828
1825
1824
1823
1814
1813
1810
1809
1809
1808
1808
1802
1801
1799
1797
1794
1794
1793
1792
1790
1789
1786
1785
1784
1775
1768
1767
1766
1766
1762
1759
1757
1750
1748
1747
1746
1746
1744
1741
1741
1738
1735
1732
1732
1731
1729
1729
1729
1726
1722
1715
1715
1714
1710
1708
1707
1707
1707
1705
1705
1704
1699
1697
1694
1690
1690
1687
1687
1687
1684
1682
1678
1672
1672
1668
1665
1665
1657
1654
1649
1646
1646
1645
1643
1641
1634
1633
1632
1631
1630
1624
1617
1615
1613
1613
1612
1610
1602
1598
1597
1597
1596
1591
1589
1588
1587
1587
1581
1578
1577
1577
1571
1571
1568
1568
1565
1564
1562
1556
1554
1547
1547
1544
1538
1537
1534
1533
1531
1529
1515
1515
1514
1500
1500
1499
1498
1497
1494
1492
1491
1489
1484
1484
1484
1483
1478
1477
1476
1473
1473
1470
1469
1468
1465
1461
1461
1460
1456
1455
1455
1451
1451
1449
1443
1442
1440
1439
1435
1434
1431
1430
1424
1417
1414
1411
1410
1408
1406
1405
1402
1399
1397
1390
1389
1389
1387
1386
1383
1380
1379
1377
1375
1374
1371
1370
1370
1369
1368
1366
1363
1363
1362
1359
1354
1349
1347
1345
1343
1342
1340
1338
1337
1335
1329
1328
1326
1326
1314
1310
1303
1301
1299
1293
1292
1290
1287
1284
1283
1276
1275
1274
1274
1273
1265
1263
1261
1261
1258
1257
1257
1252
1250
1249
1249
1247
1245
1244
1238
1237
1236
1235
1233
1233
1233
1228
1225
1220
1218
1215
1212
1211
1208
1205
1204
1203
1199
1199
1198
1197
1196
1194
1188
1174
1170
1169
1163
1163
1162
1156
1156
1154
1153
1153
1150
1150
1149
1148
1146
1139
1137
1132
1132
1129
1125
1124
1123
1119
1119
1118
1118
1115
1114
1114
1114
1111
1110
1109
1108
1108
1102
1097
1086
1085
1082
1080
1080
1071
1070
1068
1066
1066
1066
1065
1063
1056
1053
1053
1049
1039
1038
1037
1032
1031
1029
1026
1026
1026
1021
1021
1019
1019
1017
1016
1013
1010
1000
987
986
984
983
976
972
963
958
954
954
953
953
951
947
945
945
945
943
941
941
941
936
935
935
935
930
923
922
919
913
911
909
909
906
906
905
903
903
902
897
897
889
889
877
877
868
862
853
853
853
851
851
849
848
847
846
843
842
839
838
835
834
834
831
831
831
831
829
829
828
826
826
818
817
814
813
811
810
805
794
792
792
790
786
782
777
777
777
772
770
769
768
768
765
765
762
762
756
754
749
748
739
738
737
735
731
731
728
726
723
721
719
717
713
712
711
710
709
708
707
705
700
697
692
692
692
690
689
686
683
681
670
670
663
658
652
651
645
645
642
638
638
638
637
636
635
635
627
626
625
619
616
615
615
609
607
604
603
603
602
600
596
594
593
592
586
584
577
575
570
570
567
563
561
557
557
556
552
552
552
547
538
538
537
536
534
534
533
532
532
528
526
525
523
519
518
517
516
510
509
508
503
502
500
499
496
493
493
492
492
492
490
490
489
488
480
479
476
474
473
467
465
463
463
458
457
456
454
453
451
451
451
447
447
447
444
440
439
438
437
433
432
431
430
429
428
428
423
417
412
406
398
396
396
395
380
369
366
364
360
360
359
357
356
354
351
349
349
349
345
343
340
337
333
333
330
329
328
322
321
319
316
313
311
304
304
302
298
292
292
289
284
282
275
269
265
265
264
263
256
256
254
253
250
249
248
246
246
245
244
238
237
231
231
230
229
228
226
226
226
226
220
219
216
216
216
215
214
212
211
211
207
206
206
204
202
198
195
194
193
188
186
179
178
175
174
173
170
169
165
164
161
159
159
154
153
151
148
147
146
146
145
133
131
128
127
125
123
122
120
115
113
113
107
106
100
92
90
89
88
88
87
73
73
69
65
58
52
50
44
41
38
35
31
28
26
25
23
23
21
20
13
12
9
8
4
1
