4999
4998
4992
4991
4989
4988
4987
4986
4986
4984
4982
4982
4981
4981
4981
4979
4975
4974
4974
4973
4971
4971
4969
4969
4969
4968
4966
4965
4963
4963
4962
4961
4958
4956
4955
4955
4955
4955
4954
4953
4953
4952
4951
4950
4950
4948
4947
4946
4946
4946
4941
4941
4940
4935
4935
4935
4934
4934
4933
4933
4931
4928
4927
4927
4926
4925
4922
4922
4922
4920
4919
4919
4918
4917
4916
4916
4915
4914
4914
4910
4907
4902
4901
4898
4897
4897
4896
4894
4894
4892
4890
4890
4889
4887
4887
4886
4886
4886
4886
4884
4884
4881
4880
4878
4878
4878
4877
4877
4875
4873
4870
4868
4868
4868
4867
4864
4864
4862
4859
4858
4857
4856
4856
4854
4854
4854
4852
4850
4850
4849
4847
4847
4844
4844
4843
4841
4838
4838
4837
4835
4834
4834
4833
4831
4831
4831
4830
4829
4829
4829
4828
4827
4827
4826
4826
4825
4824
4824
4822
4820
4818
4818
4818
4816
4815
4813
4812
4812
4811
4808
4807
4807
4806
4804
4804
4802
4801
4800
4799
4799
4798
4798
4795
4795
4794
4794
4794
4791
4790
4789
4789
4788
4787
4785
4784
4783
4783
4781
4778
4777
4776
4775
4774
4772
4771
4768
4768
4763
4760
4759
4758
4757
4757
4754
4749
4749
4746
4746
4745
4744
4743
4742
4742
4738
4737
4735
4730
4730
4729
4727
4727
4726
4723
4721
4719
4718
4717
4717
4716
4716
4712
4712
4711
4711
4709
4709
4709
4708
4707
4704
4703
4700
4700
4699
4698
4696
4696
4695
4694
4693
4692
4692
4692
4691
4691
4691
4690
4690
4690
4687
4687
4685
4685
4685
4683
4683
4683
4682
4681
4680
4679
4678
4676
4675
4674
4673
4673
4671
4670
4667
4667
4666
4665
4665
4664
4664
4663
4660
4659
4658
4658
4655
4655
4654
4653
4650
4650
4648
4647
4643
4642
4642
4639
4637
4635
4633
4631
4631
4630
4630
4630
4628
4627
4627
4627
4626
4625
4625
4624
4623
4623
4622
4621
4620
4619
4618
4618
4617
4616
4615
4613
4613
4612
4611
4611
4608
4607
4603
4599
4597
4596
4596
4595
4594
4592
4590
4589
4588
4586
4584
4583
4583
4582
4581
4580
4577
4574
4574
4573
4573
4570
4570
4568
4567
4566
4566
4565
4564
4561
4561
4561
4560
4559
4558
4554
4553
4553
4550
4550
4549
4549
4549
4548
4547
4544
4543
4543
4542
4542
4537
4535
4534
4534
4533
4530
4529
4528
4528
4527
4525
4523
4522
4522
4521
4521
4519
4518
4518
4518
4516
4515
4512
4512
4511
4509
4508
4508
4508
4507
4506
4505
4504
4503
4503
4503
4500
4500
4498
4492
4489
4486
4486
4484
4481
4481
4480
4479
4478
4478
4477
4475
4475
4474
4474
4473
4472
4471
4470
4468
4466
4465
4464
4462
4462
4462
4462
4461
4460
4458
4457
4456
4454
4453
4452
4452
4451
4450
4449
4448
4448
4447
4447
4447
4446
4445
4444
4441
4440
4439
4439
4439
4439
4437
4435
4433
4430
4428
4428
4427
4426
4425
4423
4422
4419
4419
4419
4419
4418
4416
4415
4414
4414
4413
4412
4411
4411
4408
4406
4406
4404
4400
4400
4399
4398
4397
4397
4395
4393
4391
4388
4387
4387
4387
4387
4386
4381
4381
4380
4380
4380
4379
4379
4379
4379
4378
4377
4377
4376
4371
4370
4369
4367
4365
4364
4363
4363
4362
4361
4361
4359
4358
4358
4356
4353
4352
4351
4350
4349
4349
4347
4347
4347
4346
4345
4342
4341
4341
4339
4338
4337
4334
4333
4332
4331
4331
4330
4329
4328
4327
4326
4320
4320
4317
4317
4316
4316
4315
4312
4312
4311
4311
4311
4308
4307
4307
4304
4304
4302
4295
4294
4293
4290
4290
4289
4289
4288
4288
4282
4280
4279
4279
4277
4274
4273
4273
4273
4273
4272
4272
4266
4263
4262
4261
4260
4260
4259
4259
4256
4255
4254
4253
4251
4250
4250
4249
4248
4245
4245
4245
4243
4241
4240
4240
4239
4239
4238
4238
4237
4237
4237
4237
4235
4235
4234
4233
4233
4232
4231
4230
4229
4228
4227
4226
4226
4223
4223
4223
4223
4221
4221
4220
4219
4218
4217
4217
4216
4215
4213
4212
4211
4209
4209
4208
4207
4207
4206
4205
4203
4201
4201
4200
4199
4197
4197
4197
4195
4194
4193
4191
4190
4190
4188
4187
4186
4186
4185
4183
4183
4180
4179
4178
4177
4177
4177
4176
4175
4174
4174
4172
4170
4169
4169
4168
4166
4164
4163
4162
4160
4159
4159
4159
4157
4156
4155
4155
4153
4153
4151
4151
4150
4147
4146
4146
4146
4144
4143
4143
4142
4141
4141
4141
4140
4140
4139
4139
4137
4137
4136
4135
4135
4133
4133
4133
4132
4130
4128
4126
4125
4125
4125
4125
4125
4123
4119
4118
4118
4117
4117
4113
4113
4113
4113
4112
4112
4111
4111
4109
4108
4108
4108
4107
4105
4103
4102
4102
4101
4098
4098
4098
4097
4097
4097
4093
4093
4092
4092
4090
4089
4088
4087
4087
4087
4086
4086
4085
4085
4082
4082
4081
4080
4080
4079
4079
4078
4076
4076
4074
4074
4073
4073
4071
4071
4071
4064
4063
4062
4061
4060
4058
4058
4056
4056
4055
4055
4054
4051
4050
4047
4046
4044
4043
4042
4041
4039
4038
4038
4037
4036
4036
4035
4035
4034
4034
4032
4031
4030
4030
4030
4029
4029
4027
4027
4027
4026
4025
4023
4023
4023
4022
4020
4020
4020
4013
4013
4012
4012
4012
4011
4011
4010
4009
4004
4004
4003
4002
4002
4000
4000
3999
3999
3997
3997
3996
3990
3989
3989
3987
3986
3986
3984
3983
3980
3978
3976
3976
3975
3975
3974
3974
3971
3970
3970
3968
3968
3967
3966
3966
3966
3965
3964
3964
3963
3963
3962
3961
3960
3960
3959
3956
3955
3952
3951
3950
3949
3949
3947
3944
3943
3942
3938
3937
3933
3933
3928
3927
3923
3922
3922
3922
3920
3919
3919
3917
3916
3915
3915
3913
3913
3911
3910
3907
3907
3905
3905
3905
3905
3903
3903
3903
3901
3898
3898
3897
3896
3894
3894
3894
3893
3892
3891
3891
3890
3888
3887
3885
3885
3884
3884
3883
3883
3881
3879
3879
3878
3878
3878
3874
3873
3872
3870
3869
3869
3868
3868
3865
3865
3865
3862
3860
3859
3859
3858
3858
3857
3857
3857
3856
3854
3852
3851
3851
3850
3849
3849
3846
3843
3843
3842
3842
3841
3840
3838
3836
3835
3834
3833
3831
3831
3830
3829
3829
3826
3826
3826
3825
3825
3825
3821
3817
3814
3814
3813
3811
3810
3808
3807
3806
3804
3804
3804
3799
3798
3797
3796
3795
3795
3788
3787
3783
3782
3782
3780
3780
3779
3779
3779
3777
3776
3776
3776
3775
3775
3775
3775
3774
3773
3773
3772
3772
3770
3770
3769
3768
3768
3768
3767
3766
3765
3765
3763
3763
3763
3762
3761
3760
3760
3758
3757
3757
3756
3755
3754
3754
3753
3751
3750
3749
3749
3749
3746
3745
3745
3745
3745
3743
3740
3740
3740
3738
3737
3736
3736
3736
3735
3732
3732
3731
3730
3730
3729
3728
3728
3728
3727
3726
3725
3725
3724
3722
3722
3721
3719
3718
3716
3710
3709
3708
3706
3705
3704
3704
3703
3702
3701
3701
3701
3700
3698
3697
3694
3694
3694
3691
3691
3690
3690
3690
3689
3686
3685
3684
3683
3682
3682
3681
3681
3679
3678
3676
3676
3674
3668
3667
3664
3657
3656
3655
3654
3654
3654
3653
3652
3651
3651
3650
3650
3649
3647
3645
3644
3643
3643
3640
3640
3639
3638
3637
3637
3636
3635
3635
3633
3633
3632
3632
3632
3630
3627
3627
3626
3626
3626
3622
3620
3619
3618
3618
3616
3615
3612
3611
3611
3610
3609
3609
3609
3607
3606
3605
3604
3603
3603
3602
3602
3600
3600
3595
3594
3591
3591
3590
3589
3588
3587
3587
3586
3586
3586
3582
3579
3579
3579
3578
3576
3575
3575
3573
3572
3571
3570
3568
3568
3567
3566
3566
3565
3564
3562
3561
3560
3560
3551
3551
3550
3548
3548
3545
3544
3544
3543
3542
3540
3537
3534
3533
3531
3527
3527
3525
3524
3522
3522
3521
3521
3518
3518
3516
3514
3513
3511
3511
3510
3510
3508
3508
3508
3507
3505
3505
3503
3501
3500
3499
3497
3495
3494
3494
3493
3493
3493
3491
3490
3489
3488
3488
3487
3487
3487
3487
3483
3483
3479
3478
3476
3474
3474
3473
3471
3471
3468
3467
3466
3466
3463
3463
3462
3462
3461
3460
3459
3458
3458
3458
3456
3456
3454
3454
3454
3453
3453
3450
3450
3448
3448
3446
3445
3441
3441
3441
3440
3440
3439
3438
3437
3437
3437
3436
3436
3435
3435
3435
3432
3432
3432
3431
3431
3430
3430
3430
3428
3427
3427
3426
3425
3423
3423
3420
3419
3419
3419
3418
3413
3412
3412
3411
3409
3409
3408
3406
3406
3405
3404
3404
3403
3402
3401
3399
3399
3399
3399
3397
3396
3396
3396
3390
3390
3388
3387
3386
3385
3384
3384
3384
3382
3381
3381
3380
3379
3378
3378
3377
3376
3372
3371
3370
3370
3368
3368
3365
3364
3363
3363
3363
3362
3362
3362
3357
3357
3357
3355
3353
3352
3351
3349
3348
3347
3347
3346
3343
3343
3343
3342
3339
3337
3337
3335
3334
3334
3334
3334
3330
3330
3330
3330
3329
3328
3327
3325
3324
3321
3321
3320
3320
3320
3319
3319
3318
3315
3315
3314
3312
3312
3312
3309
3308
3308
3307
3306
3301
3300
3299
3299
3299
3297
3297
3295
3295
3295
3294
3294
3293
3290
3289
3288
3283
3283
3282
3280
3278
3278
3277
3276
3276
3276
3273
3273
3272
3271
3271
3269
3267
3267
3266
3266
3265
3264
3263
3261
3261
3260
3257
3257
3257
3254
3253
3253
3249
3249
3249
3248
3247
3246
3246
3246
3246
3245
3245
3245
3245
3245
3245
3244
3243
3242
3241
3241
3240
3237
3237
3234
3232
3231
3230
3230
3229
3228
3226
3226
3226
3225
3225
3224
3224
3223
3220
3219
3218
3217
3214
3214
3213
3213
3213
3210
3209
3209
3209
3207
3207
3203
3202
3201
3201
3198
3198
3197
3196
3195
3194
3194
3194
3193
3193
3192
3192
3191
3191
3190
3190
3189
3188
3187
3186
3183
3183
3182
3182
3180
3179
3178
3177
3176
3176
3176
3176
3176
3175
3175
3175
3175
3174
3172
3172
3171
3170
3169
3169
3166
3166
3165
3165
3165
3164
3164
3164
3162
3162
3160
3159
3156
3156
3156
3154
3153
3153
3147
3147
3147
3146
3145
3145
3144
3142
3141
3141
3141
3140
3140
3139
3137
3137
3135
3134
3134
3131
3131
3128
3127
3126
3126
3124
3124
3123
3123
3122
3120
3119
3119
3119
3118
3117
3115
3113
3112
3112
3111
3111
3110
3108
3105
3103
3103
3101
3100
3099
3098
3097
3097
3096
3095
3094
3093
3093
3091
3091
3091
3091
3090
3090
3090
3088
3088
3087
3083
3083
3082
3082
3081
3081
3081
3080
3080
3080
3080
3075
3074
3074
3072
3071
3071
3069
3069
3063
3063
3062
3062
3061
3061
3060
3059
3058
3056
3056
3054
3052
3051
3051
3051
3050
3048
3046
3046
3044
3044
3043
3041
3038
3038
3037
3036
3036
3036
3036
3031
3028
3027
3026
3026
3025
3024
3024
3024
3024
3024
3023
3022
3020
3019
3019
3019
3018
3018
3015
3014
3014
3012
3010
3009
3009
3007
3006
3006
3005
3003
3002
3002
3000
3000
3000
2999
2998
2997
2995
2993
2993
2990
2990
2989
2988
2986
2986
2984
2984
2983
2981
2979
2979
2975
2974
2974
2972
2972
2971
2971
2970
2970
2969
2969
2968
2968
2966
2966
2966
2963
2963
2962
2962
2960
2960
2959
2958
2953
2953
2953
2951
2948
2948
2947
2946
2944
2944
2941
2939
2938
2936
2934
2934
2932
2930
2930
2928
2925
2923
2920
2917
2917
2916
2916
2915
2915
2914
2914
2914
2911
2910
2910
2909
2907
2906
2905
2904
2904
2903
2901
2901
2901
2901
2900
2900
2899
2898
2897
2897
2897
2896
2896
2896
2895
2895
2895
2895
2894
2893
2889
2889
2887
2886
2886
2883
2881
2881
2880
2879
2878
2878
2877
2876
2876
2872
2872
2872
2871
2868
2868
2868
2866
2866
2865
2864
2864
2862
2861
2861
2859
2858
2856
2851
2850
2850
2849
2847
2846
2845
2843
2843
2842
2840
2839
2837
2837
2837
2834
2830
2827
2824
2823
2822
2822
2821
2819
2819
2817
2814
2814
2814
2813
2811
2811
2809
2809
2808
2807
2807
2807
2805
2805
2800
2799
2798
2798
2797
2797
2796
2796
2796
2795
2795
2794
2793
2792
2791
2790
2789
2788
2788
2786
2786
2785
2784
2783
2780
2779
2777
2777
2771
2767
2765
2764
2762
2760
2760
2760
2760
2760
2759
2758
2757
2756
2755
2755
2754
2754
2752
2749
2748
2747
2744
2743
2741
2741
2740
2736
2735
2734
2733
2732
2731
2731
2730
2729
2727
2726
2726
2725
2723
2722
2721
2720
2719
2717
2717
2717
2717
2716
2715
2715
2715
2715
2713
2710
2710
2709
2709
2709
2703
2703
2700
2698
2696
2696
2694
2693
2693
2693
2693
2692
2689
2688
2687
2687
2687
2686
2686
2685
2685
2684
2682
2681
2681
2681
2681
2680
2680
2679
2679
2679
2678
2678
2677
2676
2675
2673
2673
2672
2672
2671
2670
2670
2669
2669
2669
2668
2668
2667
2665
2665
2665
2664
2663
2661
2660
2658
2658
2657
2652
2651
2649
2648
2648
2648
2647
2647
2647
2647
2647
2644
2644
2644
2643
2642
2642
2642
2641
2639
2636
2635
2634
2633
2633
2632
2632
2631
2630
2629
2629
2628
2628
2627
2626
2626
2625
2625
2624
2620
2618
2618
2618
2617
2616
2616
2616
2615
2614
2612
2612
2611
2611
2611
2610
2609
2607
2604
2604
2604
2603
2602
2601
2601
2600
2599
2598
2598
2598
2597
2596
2596
2596
2595
2595
2595
2594
2593
2592
2591
2591
2590
2590
2590
2589
2587
2587
2586
2584
2582
2580
2579
2578
2578
2578
2578
2577
2575
2574
2574
2573
2572
2572
2570
2570
2570
2567
2567
2567
2564
2564
2563
2563
2561
2560
2559
2559
2558
2555
2554
2554
2554
2554
2552
2551
2549
2547
2547
2546
2546
2546
2545
2545
2545
2544
2542
2542
2542
2542
2541
2541
2540
2540
2540
2539
2537
2535
2535
2535
2530
2529
2528
2528
2527
2527
2523
2523
2523
2522
2522
2521
2521
2517
2516
2515
2513
2513
2513
2511
2511
2510
2509
2509
2509
2508
2508
2508
2507
2507
2506
2506
2505
2504
2504
2504
2504
2502
2501
2501
2500
2497
2496
2496
2495
2493
2491
2488
2484
2482
2481
2480
2480
2479
2479
2479
2479
2478
2477
2476
2476
2475
2475
2475
2474
2474
2473
2472
2472
2471
2470
2470
2470
2469
2468
2468
2467
2466
2466
2465
2465
2464
2463
2463
2463
2463
2462
2460
2459
2459
2459
2458
2457
2456
2455
2455
2454
2453
2453
2451
2448
2448
2445
2444
2444
2442
2442
2442
2441
2439
2439
2439
2439
2437
2437
2436
2436
2435
2435
2434
2433
2429
2429
2429
2429
2425
2423
2423
2421
2421
2419
2418
2416
2416
2416
2416
2415
2414
2414
2414
2414
2413
2413
2411
2411
2410
2410
2409
2409
2408
2407
2407
2407
2407
2406
2405
2404
2403
2402
2399
2398
2398
2397
2396
2395
2394
2393
2391
2390
2388
2388
2386
2386
2385
2385
2383
2379
2378
2377
2377
2377
2375
2374
2371
2370
2370
2370
2369
2367
2366
2366
2364
2364
2364
2364
2364
2363
2361
2361
2360
2356
2356
2355
2354
2354
2353
2353
2349
2349
2347
2347
2346
2345
2345
2344
2342
2341
2341
2341
2339
2339
2338
2337
2337
2337
2335
2335
2335
2330
2330
2329
2329
2328
2327
2327
2326
2326
2325
2324
2323
2322
2322
2321
2320
2319
2318
2318
2318
2317
2316
2316
2315
2314
2313
2311
2310
2309
2309
2308
2308
2307
2306
2306
2305
2302
2300
2298
2297
2296
2296
2295
2295
2295
2294
2294
2293
2293
2291
2289
2288
2287
2286
2285
2284
2283
2281
2281
2280
2280
2280
2278
2277
2276
2275
2275
2272
2271
2270
2269
2269
2268
2268
2268
2266
2265
2262
2259
2258
2258
2256
2255
2254
2254
2254
2254
2253
2251
2250
2248
2248
2247
2247
2247
2246
2246
2244
2243
2241
2240
2240
2240
2238
2238
2236
2235
2235
2234
2232
2231
2231
2229
2229
2228
2227
2227
2226
2226
2226
2226
2225
2224
2222
2222
2221
2220
2219
2218
2218
2217
2215
2215
2212
2212
2211
2210
2208
2207
2206
2204
2204
2202
2202
2199
2197
2197
2196
2194
2194
2194
2193
2192
2192
2191
2189
2188
2187
2186
2186
2183
2183
2183
2181
2180
2180
2179
2179
2177
2177
2176
2173
2173
2173
2172
2168
2166
2161
2160
2159
2159
2158
2158
2158
2154
2154
2154
2152
2152
2152
2152
2151
2150
2149
2149
2148
2147
2146
2146
2145
2144
2143
2143
2141
2140
2140
2139
2136
2133
2132
2132
2131
2130
2129
2129
2128
2128
2128
2127
2127
2126
2125
2123
2123
2121
2121
2120
2120
2120
2120
2119
2118
2118
2116
2115
2115
2114
2113
2113
2113
2113
2112
2112
2111
2109
2109
2108
2108
2106
2102
2102
2102
2101
2100
2099
2098
2098
2095
2095
2095
2093
2092
2090
2090
2088
2088
2088
2087
2086
2086
2086
2085
2084
2083
2082
2081
2079
2078
2077
2075
2074
2074
2074
2072
2072
2071
2071
2069
2068
2068
2067
2066
2066
2065
2065
2063
2063
2059
2057
2056
2056
2055
2055
2052
2052
2051
2051
2050
2050
2049
2049
2047
2046
2044
2044
2041
2041
2041
2039
2039
2037
2035
2034
2034
2033
2032
2031
2029
2028
2026
2026
2023
2023
2021
2020
2019
2017
2016
2015
2014
2013
2013
2012
2012
2012
2012
2011
2011
2011
2010
2010
2007
2007
2007
2004
2004
2003
2002
2002
2002
2002
2000
2000
1999
1999
1999
1998
1994
1990
1988
1986
1985
1984
1983
1983
1981
1979
1979
1975
1975
1972
1972
1971
1971
1970
1969
1968
1967
1965
1964
1963
1960
1959
1957
1957
1957
1956
1955
1954
1954
1953
1951
1950
1949
1949
1949
1948
1947
1947
1946
1946
1945
1943
1942
1942
1939
1938
1936
1935
1934
1934
1934
1931
1931
1930
1929
1926
1925
1924
1922
1922
1922
1921
1921
1921
1919
1919
1919
1918
1918
1916
1916
1915
1915
1914
1910
1907
1907
1905
1905
1904
1902
1900
1895
1893
1890
1890
1889
1889
1889
1888
1888
1888
1887
1887
1882
1881
1881
1880
1880
1879
1879
1878
1875
1874
1874
1873
1872
1870
1869
1869
1868
1868
1866
1866
1865
1864
1862
1862
1861
1858
1857
1850
1848
1848
1846
1843
1843
1842
1842
1841
1839
1837
1837
1836
1835
1834
1833
1830
1830
1830
1829
1829
1826
1825
1824
1824
1824
1824
1824
1823
1820
1820
1819
1819
1818
1818
1816
1815
1814
1813
1813
1812
1811
1810
1809
1809
1809
1809
1809
1808
1808
1807
1806
1806
1805
1805
1805
1804
1802
1802
1802
1802
1801
1801
1798
1798
1798
1797
1793
1792
1784
1783
1783
1783
1782
1779
1778
1778
1775
1774
1774
1773
1772
1771
1769
1768
1768
1767
1765
1765
1764
1764
1761
1761
1760
1759
1759
1759
1758
1757
1755
1755
1755
1754
1754
1753
1752
1751
1750
1750
1749
1748
1746
1746
1744
1742
1742
1741
1740
1738
1738
1736
1734
1733
1732
1730
1727
1727
1725
1722
1722
1721
1721
1721
1720
1719
1719
1718
1718
1717
1717
1717
1717
1716
1715
1714
1714
1713
1712
1711
1705
1703
1702
1699
1699
1697
1696
1695
1695
1695
1693
1693
1691
1689
1689
1688
1687
1687
1686
1686
1684
1684
1684
1682
1681
1679
1677
1676
1676
1674
1673
1673
1672
1671
1670
1669
1665
1664
1663
1662
1661
1660
1659
1659
1657
1657
1656
1655
1655
1654
1653
1653
1652
1652
1651
1651
1651
1650
1648
1646
1645
1644
1643
1643
1643
1642
1641
1639
1638
1636
1635
1634
1634
1634
1634
1634
1633
1633
1631
1631
1629
1628
1628
1628
1627
1627
1625
1623
1622
1620
1619
1618
1617
1617
1616
1616
1616
1616
1615
1613
1611
1611
1609
1609
1608
1608
1608
1606
1606
1605
1604
1602
1601
1599
1599
1597
1593
1593
1593
1592
1590
1589
1588
1588
1588
1587
1586
1586
1586
1586
1585
1584
1583
1583
1583
1582
1581
1580
1580
1579
1579
1578
1577
1573
1573
1572
1572
1567
1567
1567
1564
1564
1563
1562
1561
1559
1559
1558
1556
1556
1555
1555
1555
1553
1551
1548
1547
1547
1545
1544
1544
1544
1542
1541
1540
1540
1539
1539
1539
1538
1536
1536
1534
1531
1531
1530
1530
1530
1530
1528
1526
1525
1523
1523
1523
1522
1522
1522
1521
1521
1521
1521
1520
1519
1517
1516
1516
1516
1514
1512
1507
1506
1506
1505
1505
1504
1503
1503
1502
1502
1502
1501
1499
1498
1497
1496
1495
1495
1490
1489
1487
1487
1485
1484
1481
1480
1478
1478
1477
1476
1476
1475
1475
1474
1473
1473
1472
1471
1471
1470
1467
1466
1464
1464
1464
1460
1457
1457
1457
1455
1455
1453
1451
1451
1450
1450
1448
1447
1446
1445
1444
1443
1442
1442
1441
1440
1439
1439
1438
1438
1436
1435
1434
1433
1432
1432
1430
1429
1427
1427
1426
1426
1422
1420
1420
1417
1417
1416
1416
1414
1414
1413
1412
1412
1410
1410
1409
1408
1405
1403
1402
1402
1402
1398
1398
1397
1397
1395
1395
1394
1394
1393
1391
1388
1388
1388
1387
1384
1383
1383
1382
1381
1381
1379
1378
1376
1375
1375
1375
1374
1373
1373
1372
1371
1368
1367
1366
1366
1365
1364
1363
1363
1361
1359
1357
1357
1357
1357
1356
1356
1355
1354
1352
1352
1352
1352
1351
1350
1350
1350
1349
1349
1348
1348
1347
1347
1346
1346
1345
1344
1344
1343
1343
1342
1341
1341
1339
1337
1337
1336
1335
1335
1335
1334
1333
1332
1327
1327
1326
1323
1323
1323
1322
1321
1320
1320
1320
1319
1319
1318
1318
1316
1315
1314
1313
1313
1310
1310
1310
1309
1309
1309
1308
1308
1308
1308
1307
1307
1307
1307
1305
1304
1304
1304
1303
1303
1303
1302
1299
1299
1299
1297
1296
1295
1294
1294
1293
1292
1291
1290
1289
1288
1288
1286
1286
1285
1284
1284
1284
1281
1280
1280
1280
1280
1279
1278
1278
1276
1275
1274
1274
1274
1272
1270
1270
1268
1267
1267
1266
1265
1265
1264
1261
1260
1257
1255
1254
1254
1253
1253
1252
1252
1251
1249
1248
1247
1245
1244
1243
1243
1243
1242
1242
1240
1239
1238
1237
1237
1237
1237
1237
1237
1237
1235
1232
1231
1231
1230
1230
1230
1229
1229
1228
1228
1227
1226
1226
1225
1223
1223
1222
1221
1221
1220
1217
1216
1215
1215
1214
1212
1212
1211
1210
1209
1209
1208
1207
1205
1204
1204
1201
1201
1200
1199
1197
1196
1194
1193
1193
1193
1193
1191
1189
1189
1189
1186
1186
1184
1183
1183
1183
1182
1182
1180
1180
1180
1179
1175
1174
1172
1172
1170
1168
1166
1166
1165
1165
1164
1164
1164
1163
1161
1160
1156
1154
1154
1154
1153
1152
1151
1148
1147
1147
1144
1143
1142
1142
1141
1141
1140
1140
1139
1137
1137
1133
1132
1130
1129
1129
1127
1126
1125
1124
1123
1123
1121
1121
1118
1117
1116
1112
1110
1109
1107
1105
1102
1102
1101
1100
1098
1098
1097
1096
1095
1095
1095
1092
1092
1092
1091
1088
1086
1085
1082
1081
1081
1081
1081
1080
1080
1078
1077
1076
1076
1069
1069
1067
1065
1063
1061
1061
1061
1061
1060
1059
1059
1058
1058
1058
1057
1055
1055
1055
1054
1054
1054
1053
1051
1050
1047
1045
1045
1044
1043
1043
1043
1042
1041
1040
1038
1037
1037
1037
1037
1037
1035
1033
1033
1030
1030
1029
1028
1028
1026
1026
1025
1025
1024
1024
1024
1024
1023
1020
1020
1017
1016
1016
1015
1015
1013
1011
1011
1010
1009
1008
1008
1007
1007
1007
1006
1006
1005
1004
1003
1003
1001
1000
1000
999
996
995
993
990
990
989
988
988
987
985
983
983
982
980
977
977
973
972
970
968
968
967
967
966
965
962
962
960
958
957
957
956
956
955
954
950
950
949
949
947
947
946
946
946
944
944
943
942
940
940
940
938
937
937
936
936
935
933
932
931
930
929
927
926
922
922
921
920
920
920
917
917
915
915
914
914
913
912
910
908
906
906
905
905
904
903
902
901
900
894
893
891
891
888
888
887
885
884
882
880
880
879
877
877
876
876
876
874
873
873
872
872
871
871
869
869
869
869
866
862
861
860
860
859
859
859
857
856
855
853
851
850
850
847
847
845
845
845
844
843
842
842
842
841
840
840
840
837
836
835
833
833
833
831
831
831
829
826
824
824
823
823
822
822
822
821
820
820
817
816
816
814
814
814
813
812
811
811
811
810
810
810
809
808
807
807
807
805
804
804
803
802
801
799
799
799
797
796
796
796
795
794
793
793
793
793
789
788
786
786
785
785
784
784
784
784
784
783
782
781
778
776
776
774
772
772
772
772
771
771
771
770
767
767
767
765
765
763
763
762
760
760
757
756
753
752
751
751
751
749
749
748
746
743
742
741
740
739
738
738
737
737
736
736
735
733
732
730
729
729
728
727
726
723
722
722
720
720
719
718
716
715
711
709
708
702
702
701
698
697
695
693
692
692
691
691
691
691
690
688
687
685
681
679
679
678
676
676
676
674
674
673
672
671
671
669
668
666
662
659
658
656
655
654
654
653
652
651
650
649
646
646
643
642
640
639
638
637
636
635
634
634
634
632
630
629
626
624
623
623
622
621
620
620
619
618
617
617
617
616
616
615
614
613
612
611
610
610
610
610
610
609
609
609
608
607
607
605
605
605
605
605
605
604
604
604
603
603
603
602
602
601
600
599
599
597
597
595
593
593
593
592
591
590
590
590
590
589
587
586
584
583
581
581
581
580
579
579
577
577
576
574
574
574
573
572
572
570
570
569
569
569
567
567
565
564
564
562
560
559
559
558
558
558
556
556
556
556
555
555
553
553
551
548
548
547
546
545
544
544
544
541
538
538
537
535
535
535
534
534
534
532
531
529
529
529
527
526
525
524
524
523
523
521
516
515
512
512
508
507
506
505
505
503
501
501
501
500
499
499
497
496
496
495
494
494
493
492
490
490
488
487
485
485
485
484
484
483
482
481
480
480
476
476
474
473
472
470
470
470
469
469
469
468
468
466
464
464
462
461
460
459
459
457
456
456
455
454
453
453
453
452
452
452
451
451
450
450
449
448
446
445
443
442
440
440
439
439
437
437
436
432
431
430
428
425
425
424
424
423
422
421
421
421
420
418
418
417
417
417
416
415
415
415
410
410
409
407
407
406
405
404
404
404
403
401
401
401
399
398
398
396
395
393
392
389
388
388
387
387
387
383
383
381
381
379
378
376
376
375
375
375
373
372
372
372
372
372
369
368
367
365
365
363
363
363
362
362
362
361
361
360
360
360
359
359
358
358
357
357
355
355
353
353
352
351
350
349
348
347
347
346
346
344
344
344
341
340
339
339
338
337
337
337
334
333
332
330
329
329
328
327
326
321
320
320
320
319
319
318
318
318
318
317
313
313
313
312
312
312
311
310
310
310
308
307
307
306
304
304
304
301
300
298
297
296
295
295
294
292
290
289
288
288
287
286
286
285
285
284
284
284
284
282
282
281
281
280
279
278
277
277
276
276
276
275
274
272
272
272
271
271
270
269
268
268
268
267
267
267
266
265
263
258
258
257
257
257
256
256
255
251
248
248
243
243
241
241
238
237
236
234
234
233
233
233
231
230
229
229
229
228
228
227
227
222
222
220
218
217
216
215
215
214
214
214
213
211
210
210
210
209
207
206
206
205
204
202
202
202
202
201
199
197
196
196
193
193
191
191
189
189
188
183
182
181
181
178
177
177
173
171
170
170
169
169
168
166
165
163
159
158
158
156
153
152
152
151
151
151
146
144
143
142
142
141
141
140
139
139
139
137
135
135
134
134
131
130
130
130
128
127
126
126
121
121
121
120
119
119
119
118
118
117
117
116
115
115
115
114
114
114
113
112
112
112
112
111
111
111
110
110
106
106
106
104
102
102
101
101
101
101
100
100
100
99
99
99
98
97
95
94
94
93
91
91
90
90
90
89
89
87
87
87
85
84
84
84
82
82
81
81
81
80
80
79
76
75
73
73
72
71
70
69
67
65
64
63
63
61
59
56
55
55
55
53
52
49
49
48
47
44
43
43
42
42
40
40
39
39
39
38
37
37
35
35
34
34
33
32
32
31
31
31
30
28
28
25
19
19
18
17
16
13
12
11
11
9
9
8
7
7
6
5
3
2
2
1
0
