4994
4985
4974
4939
4929
4920
4912
4897
4895
4828
4804
4803
4795
4795
4772
4747
4737
4731
4731
4725
4698
4693
4693
4664
4648
4648
4637
4624
4622
4607
4565
4517
4513
4505
4492
4483
4483
4469
4462
4446
4444
4421
4416
4399
4394
4393
4379
4374
4361
4360
4359
4340
4340
4322
4310
4305
4293
4266
4255
4237
4219
4208
4206
4188
4182
4176
4158
4132
4122
4110
4100
4092
4068
4042
4040
4030
4007
4002
4000
3988
3976
3974
3972
3948
3938
3924
3922
3921
3919
3916
3910
3905
3888
3854
3827
3811
3796
3794
3772
3769
3730
3727
3723
3719
3683
3682
3669
3649
3644
3591
3586
3562
3547
3543
3520
3518
3513
3485
3473
3464
3447
3438
3424
3420
3404
3394
3392
3392
3345
3341
3332
3329
3311
3297
3286
3285
3279
3273
3263
3260
3259
3256
3244
3238
3221
3206
3198
3183
3165
3163
3150
3124
3095
3086
3071
3056
3050
3038
3034
3019
2994
2992
2978
2968
2963
2938
2916
2906
2895
2892
2885
2868
2866
2855
2833
2816
2812
2801
2794
2786
2768
2748
2739
2736
2731
2723
2716
2714
2702
2696
2692
2677
2665
2662
2661
2646
2645
2631
2623
2616
2608
2603
2567
2560
2525
2520
2517
2504
2490
2490
2484
2482
2478
2477
2471
2468
2451
2447
2425
2423
2421
2418
2402
2391
2384
2379
2370
2358
2357
2357
2352
2350
2350
2349
2333
2331
2305
2297
2295
2292
2290
2287
2284
2280
2271
2266
2253
2252
2238
2231
2230
2227
2226
2222
2218
2207
2205
2202
2184
2169
2164
2131
2125
2121
2119
2113
2106
2103
2090
2084
2083
2079
2067
2066
2055
2046
2045
2038
2037
2025
2025
2024
2012
2006
1994
1992
1990
1950
1938
1915
1901
1894
1892
1872
1857
1850
1846
1831
1822
1813
1813
1810
1807
1807
1805
1791
1788
1785
1779
1778
1763
1733
1730
1710
1707
1692
1692
1685
1685
1681
1679
1659
1655
1644
1638
1637
1618
1612
1607
1602
1596
1586
1573
1565
1565
1564
1559
1555
1551
1551
1522
1508
1497
1493
1487
1472
1468
1467
1455
1448
1441
1418
1386
1382
1378
1359
1337
1330
1327
1314
1313
1300
1282
1277
1252
1247
1243
1238
1236
1231
1217
1191
1190
1183
1175
1163
1151
1142
1121
1116
1113
1101
1094
1074
1068
1063
1058
1057
1053
1047
1041
1031
1026
1019
1018
1015
1002
996
993
992
985
974
974
971
968
956
935
934
932
931
915
898
893
880
871
869
819
814
813
800
790
788
780
775
775
772
753
750
744
717
706
702
700
697
664
644
628
620
617
611
601
588
572
570
567
567
566
553
548
547
536
527
525
503
499
494
491
490
486
482
459
458
454
446
436
433
433
417
411
410
328
317
287
276
270
258
255
251
227
210
206
203
198
182
173
166
153
148
138
123
116
103
91
85
72
51
39
31
9
0
