4997
4996
4996
4996
4995
4994
4994
4994
4994
4993
4992
4990
4990
4990
4989
4987
4987
4987
4987
4986
4985
4984
4982
4982
4980
4980
4979
4978
4978
4977
4977
4977
4975
4975
4972
4970
4970
4970
4969
4968
4968
4967
4967
4965
4965
4964
4964
4963
4962
4961
4961
4961
4960
4959
4958
4957
4955
4954
4954
4953
4952
4952
4951
4950
4949
4948
4947
4946
4946
4945
4945
4944
4944
4942
4942
4942
4941
4940
4940
4940
4940
4939
4939
4938
4937
4936
4935
4934
4934
4934
4932
4931
4930
4929
4928
4927
4927
4927
4926
4926
4925
4925
4925
4924
4924
4923
4922
4921
4919
4919
4919
4916
4916
4915
4914
4914
4913
4913
4913
4912
4910
4910
4908
4906
4906
4905
4904
4904
4904
4903
4902
4902
4900
4900
4897
4897
4897
4896
4896
4895
4895
4895
4895
4895
4894
4894
4893
4893
4891
4889
4889
4889
4889
4888
4888
4887
4885
4885
4885
4885
4885
4884
4884
4882
4880
4879
4878
4878
4877
4875
4875
4875
4874
4874
4874
4873
4872
4872
4871
4869
4869
4866
4864
4863
4862
4862
4861
4861
4861
4860
4860
4859
4857
4857
4857
4856
4854
4854
4853
4853
4852
4850
4849
4849
4849
4849
4848
4845
4845
4844
4843
4843
4842
4842
4841
4841
4840
4840
4839
4838
4838
4837
4837
4837
4837
4836
4836
4836
4835
4835
4833
4832
4832
4831
4831
4831
4830
4829
4829
4828
4828
4828
4828
4828
4827
4826
4825
4824
4823
4823
4823
4822
4822
4821
4821
4819
4819
4819
4815
4815
4815
4815
4814
4813
4813
4812
4811
4810
4810
4810
4809
4809
4808
4807
4807
4806
4804
4803
4803
4803
4801
4800
4800
4798
4797
4797
4797
4796
4794
4794
4792
4790
4790
4790
4789
4789
4788
4788
4787
4786
4783
4783
4783
4782
4782
4781
4780
4779
4779
4777
4776
4776
4774
4774
4774
4773
4773
4773
4772
4770
4770
4769
4769
4769
4769
4768
4768
4767
4766
4765
4764
4764
4763
4762
4762
4761
4761
4761
4760
4758
4758
4757
4756
4755
4755
4754
4754
4753
4753
4753
4752
4751
4751
4750
4748
4748
4748
4747
4747
4746
4745
4745
4745
4742
4741
4741
4740
4740
4740
4738
4738
4738
4737
4735
4733
4733
4733
4732
4732
4732
4731
4731
4730
4729
4728
4728
4728
4727
4726
4726
4726
4726
4726
4725
4725
4724
4723
4723
4723
4722
4721
4721
4720
4719
4719
4718
4717
4717
4717
4716
4715
4715
4715
4715
4715
4715
4710
4710
4710
4709
4709
4708
4708
4707
4706
4706
4704
4704
4703
4701
4700
4699
4699
4698
4697
4696
4695
4695
4693
4692
4691
4691
4691
4690
4690
4690
4687
4687
4686
4686
4686
4685
4684
4683
4682
4682
4682
4681
4681
4680
4679
4679
4678
4678
4678
4677
4677
4676
4675
4675
4674
4674
4674
4674
4674
4673
4673
4672
4672
4671
4671
4671
4671
4671
4670
4666
4666
4665
4665
4664
4663
4662
4662
4661
4661
4661
4659
4659
4658
4656
4656
4655
4655
4654
4653
4653
4652
4652
4651
4649
4649
4648
4648
4648
4648
4645
4640
4640
4639
4639
4639
4638
4636
4636
4636
4632
4631
4631
4631
4630
4628
4628
4628
4626
4624
4623
4623
4623
4622
4622
4622
4622
4622
4622
4621
4621
4620
4618
4617
4617
4616
4616
4615
4615
4615
4615
4615
4614
4614
4613
4612
4612
4611
4611
4610
4610
4608
4607
4607
4607
4607
4606
4603
4603
4603
4602
4601
4600
4599
4598
4597
4597
4596
4595
4595
4594
4594
4592
4592
4592
4592
4591
4589
4588
4587
4586
4586
4585
4585
4585
4585
4585
4584
4584
4583
4583
4580
4580
4577
4575
4575
4573
4572
4572
4571
4570
4569
4567
4567
4565
4564
4563
4562
4562
4561
4561
4560
4560
4559
4559
4559
4559
4558
4558
4556
4556
4556
4556
4555
4554
4554
4554
4553
4552
4551
4551
4549
4549
4549
4549
4547
4546
4546
4545
4545
4545
4544
4544
4544
4543
4542
4542
4542
4541
4540
4540
4539
4539
4538
4536
4535
4533
4533
4533
4531
4529
4528
4525
4524
4524
4523
4522
4521
4520
4520
4520
4520
4517
4517
4515
4515
4515
4515
4515
4514
4513
4513
4513
4512
4511
4511
4510
4510
4509
4506
4505
4505
4504
4504
4503
4501
4500
4500
4500
4499
4498
4497
4496
4495
4494
4493
4492
4492
4492
4492
4491
4490
4489
4489
4488
4488
4487
4487
4486
4486
4485
4484
4483
4483
4480
4480
4479
4479
4477
4477
4477
4474
4473
4473
4473
4471
4470
4470
4468
4468
4465
4464
4464
4463
4463
4461
4461
4461
4460
4458
4458
4457
4455
4455
4453
4452
4452
4452
4450
4449
4448
4448
4447
4447
4446
4445
4444
4444
4443
4441
4441
4441
4441
4440
4440
4439
4439
4437
4437
4436
4436
4435
4433
4433
4433
4433
4432
4431
4431
4431
4430
4429
4428
4428
4427
4426
4426
4426
4425
4423
4423
4422
4420
4419
4418
4417
4415
4415
4415
4415
4414
4414
4414
4411
4409
4408
4408
4407
4405
4405
4404
4403
4402
4401
4400
4399
4399
4398
4397
4397
4395
4394
4391
4389
4388
4388
4388
4388
4387
4387
4385
4384
4382
4380
4380
4378
4377
4377
4377
4376
4374
4373
4372
4369
4369
4368
4367
4367
4366
4365
4365
4364
4364
4364
4363
4363
4363
4362
4361
4360
4360
4359
4359
4358
4356
4356
4354
4354
4353
4351
4351
4349
4349
4349
4349
4348
4347
4346
4346
4346
4345
4344
4343
4343
4342
4342
4341
4339
4339
4339
4339
4338
4338
4337
4336
4334
4333
4333
4333
4332
4332
4332
4332
4331
4331
4331
4330
4330
4330
4329
4326
4326
4326
4326
4324
4321
4320
4319
4319
4318
4318
4318
4317
4316
4315
4315
4314
4313
4312
4311
4311
4309
4309
4306
4306
4306
4305
4305
4304
4303
4303
4302
4302
4302
4300
4300
4300
4299
4299
4299
4299
4299
4298
4297
4296
4296
4296
4295
4295
4295
4293
4292
4291
4291
4290
4290
4290
4289
4288
4287
4286
4286
4285
4284
4283
4282
4281
4280
4279
4279
4279
4279
4278
4278
4277
4276
4275
4275
4274
4274
4274
4274
4274
4272
4272
4270
4270
4269
4268
4268
4267
4266
4265
4265
4263
4261
4258
4258
4257
4257
4256
4256
4256
4255
4254
4254
4252
4252
4252
4252
4250
4250
4250
4249
4249
4249
4248
4248
4247
4246
4245
4245
4244
4244
4243
4243
4242
4239
4237
4237
4236
4236
4234
4232
4231
4230
4230
4230
4230
4229
4229
4228
4228
4227
4227
4227
4227
4227
4226
4226
4225
4225
4225
4225
4224
4224
4224
4223
4222
4222
4222
4221
4221
4220
4220
4219
4218
4218
4215
4214
4214
4213
4212
4212
4211
4210
4209
4209
4208
4208
4208
4207
4206
4206
4206
4206
4205
4205
4205
4203
4203
4203
4202
4202
4202
4201
4201
4201
4200
4200
4199
4198
4197
4196
4195
4195
4193
4193
4193
4192
4192
4192
4192
4191
4190
4190
4190
4189
4189
4189
4188
4186
4186
4186
4186
4185
4182
4182
4182
4181
4181
4181
4180
4179
4179
4179
4178
4177
4177
4177
4177
4176
4175
4175
4173
4173
4173
4172
4171
4171
4171
4171
4170
4169
4169
4169
4168
4168
4168
4166
4166
4165
4164
4163
4162
4161
4161
4160
4159
4159
4158
4158
4157
4156
4155
4155
4154
4153
4152
4151
4151
4151
4151
4150
4147
4146
4145
4145
4144
4143
4143
4142
4142
4141
4140
4139
4139
4139
4137
4137
4137
4137
4136
4135
4135
4132
4132
4130
4130
4129
4129
4127
4127
4127
4126
4126
4126
4125
4125
4122
4122
4122
4122
4122
4122
4122
4121
4120
4118
4118
4117
4116
4116
4116
4115
4114
4114
4114
4113
4112
4110
4109
4109
4109
4107
4106
4105
4105
4104
4104
4103
4103
4102
4102
4102
4101
4097
4097
4097
4096
4095
4094
4094
4093
4093
4093
4092
4091
4090
4090
4090
4089
4089
4088
4087
4086
4085
4084
4083
4083
4081
4081
4080
4080
4079
4078
4077
4076
4076
4076
4074
4073
4072
4070
4068
4068
4067
4067
4066
4065
4064
4062
4060
4060
4060
4059
4058
4058
4055
4054
4054
4053
4052
4052
4050
4049
4047
4046
4044
4044
4041
4040
4036
4034
4034
4034
4034
4033
4032
4031
4029
4029
4027
4026
4026
4026
4025
4025
4023
4023
4023
4022
4021
4021
4020
4020
4020
4019
4019
4018
4017
4017
4017
4016
4016
4015
4014
4013
4011
4011
4010
4009
4008
4008
4007
4007
4006
4005
4005
4005
4005
4005
4004
4004
4004
4004
4002
4002
4001
3999
3998
3998
3997
3996
3993
3992
3992
3992
3989
3989
3989
3989
3987
3986
3985
3985
3985
3984
3983
3981
3981
3981
3980
3977
3975
3975
3975
3974
3974
3973
3972
3972
3971
3971
3971
3970
3969
3969
3969
3967
3967
3964
3963
3963
3962
3962
3961
3960
3959
3958
3958
3957
3957
3957
3956
3954
3953
3952
3951
3951
3951
3951
3951
3950
3950
3949
3948
3948
3948
3947
3947
3944
3942
3941
3940
3940
3940
3939
3939
3937
3935
3935
3934
3934
3933
3933
3933
3933
3933
3932
3932
3931
3931
3931
3931
3928
3927
3926
3926
3924
3924
3923
3923
3922
3921
3921
3921
3921
3920
3920
3920
3919
3918
3918
3918
3916
3916
3914
3914
3914
3913
3912
3910
3910
3909
3909
3908
3907
3906
3906
3904
3904
3904
3902
3901
3900
3900
3900
3900
3900
3900
3899
3899
3897
3897
3895
3894
3894
3894
3894
3893
3892
3892
3890
3889
3887
3887
3885
3885
3885
3884
3882
3881
3881
3880
3879
3878
3877
3877
3875
3875
3874
3874
3872
3872
3871
3871
3871
3870
3870
3870
3869
3869
3869
3868
3867
3866
3865
3864
3863
3861
3859
3859
3859
3859
3858
3857
3857
3856
3856
3855
3854
3854
3854
3852
3849
3849
3848
3848
3848
3848
3847
3847
3846
3843
3843
3843
3843
3842
3840
3839
3838
3838
3838
3837
3836
3835
3835
3834
3833
3833
3833
3832
3831
3831
3829
3829
3829
3828
3828
3828
3827
3827
3827
3826
3825
3825
3824
3824
3823
3823
3821
3820
3819
3819
3819
3818
3818
3818
3817
3817
3816
3816
3815
3815
3814
3813
3813
3811
3810
3810
3809
3809
3809
3808
3808
3808
3807
3807
3806
3806
3806
3806
3806
3805
3805
3803
3803
3803
3802
3800
3798
3798
3797
3797
3796
3796
3795
3793
3793
3792
3792
3791
3791
3789
3788
3788
3788
3787
3787
3786
3785
3785
3785
3784
3784
3784
3784
3784
3783
3782
3780
3780
3778
3776
3775
3775
3775
3775
3773
3773
3770
3763
3763
3763
3762
3761
3760
3758
3757
3756
3755
3755
3755
3755
3754
3754
3753
3753
3751
3751
3750
3749
3749
3749
3749
3749
3748
3747
3746
3746
3745
3743
3743
3743
3742
3740
3740
3740
3739
3739
3738
3737
3736
3736
3736
3735
3735
3733
3733
3732
3732
3732
3731
3729
3729
3729
3728
3726
3726
3726
3726
3725
3723
3723
3722
3722
3721
3720
3720
3720
3718
3718
3716
3715
3715
3714
3714
3714
3713
3712
3712
3712
3711
3711
3711
3711
3709
3709
3709
3708
3707
3707
3706
3702
3702
3700
3699
3698
3697
3697
3697
3695
3694
3694
3692
3688
3687
3687
3686
3686
3686
3685
3685
3684
3683
3683
3682
3680
3680
3679
3677
3676
3676
3676
3674
3674
3674
3673
3672
3672
3671
3671
3671
3671
3670
3670
3669
3669
3668
3667
3666
3666
3665
3665
3663
3663
3662
3662
3661
3661
3661
3661
3659
3659
3659
3659
3658
3656
3656
3655
3654
3653
3651
3651
3650
3650
3650
3650
3649
3648
3646
3645
3645
3645
3645
3642
3641
3641
3637
3636
3636
3636
3635
3635
3633
3630
3626
3626
3625
3624
3624
3623
3623
3620
3620
3619
3619
3619
3619
3618
3617
3616
3616
3615
3615
3614
3613
3613
3613
3612
3612
3612
3612
3610
3610
3609
3608
3608
3608
3607
3607
3606
3606
3606
3605
3605
3604
3604
3603
3603
3601
3600
3600
3600
3596
3595
3593
3592
3591
3588
3587
3584
3583
3580
3580
3578
3577
3575
3574
3574
3572
3570
3568
3567
3565
3565
3565
3564
3563
3563
3563
3561
3561
3560
3560
3558
3558
3558
3554
3554
3553
3552
3551
3551
3550
3550
3550
3549
3548
3547
3546
3546
3545
3545
3544
3544
3544
3544
3543
3543
3543
3543
3541
3540
3540
3540
3540
3539
3537
3536
3536
3536
3535
3534
3533
3533
3533
3532
3532
3531
3531
3531
3530
3529
3527
3527
3527
3527
3526
3525
3525
3525
3524
3524
3524
3523
3523
3522
3520
3519
3519
3518
3518
3517
3516
3513
3513
3512
3512
3512
3511
3510
3510
3510
3510
3509
3509
3507
3505
3502
3502
3502
3501
3501
3499
3499
3497
3496
3495
3495
3495
3494
3494
3492
3492
3491
3490
3489
3489
3488
3487
3487
3487
3486
3486
3486
3485
3484
3481
3479
3478
3476
3476
3475
3475
3475
3473
3473
3472
3471
3470
3469
3468
3465
3465
3463
3462
3462
3460
3460
3459
3457
3457
3456
3456
3455
3454
3453
3453
3452
3451
3451
3450
3447
3447
3447
3446
3445
3444
3443
3443
3441
3441
3440
3440
3440
3439
3439
3437
3436
3436
3435
3435
3435
3434
3434
3433
3432
3431
3430
3429
3428
3427
3425
3424
3424
3424
3423
3422
3421
3420
3420
3419
3419
3416
3416
3414
3413
3413
3412
3411
3410
3409
3408
3407
3407
3404
3403
3401
3400
3399
3397
3397
3397
3396
3394
3394
3393
3393
3391
3391
3390
3389
3389
3386
3384
3384
3384
3383
3383
3382
3381
3380
3380
3379
3378
3378
3377
3376
3374
3374
3374
3374
3374
3373
3373
3373
3372
3371
3370
3369
3369
3369
3369
3366
3366
3366
3366
3366
3364
3364
3364
3364
3363
3363
3363
3362
3361
3361
3359
3357
3356
3356
3356
3355
3354
3353
3352
3352
3351
3351
3350
3350
3349
3348
3347
3346
3345
3343
3343
3342
3341
3341
3340
3340
3340
3339
3339
3338
3337
3336
3336
3336
3336
3334
3334
3333
3331
3331
3331
3331
3330
3329
3328
3327
3327
3326
3326
3325
3325
3324
3323
3323
3322
3319
3318
3318
3316
3316
3314
3314
3314
3313
3313
3311
3310
3310
3309
3309
3309
3307
3305
3305
3305
3305
3304
3303
3302
3302
3299
3298
3296
3295
3294
3293
3293
3293
3292
3291
3291
3290
3290
3289
3288
3286
3285
3285
3285
3284
3284
3282
3282
3281
3281
3281
3280
3280
3280
3278
3277
3277
3275
3275
3275
3274
3274
3273
3272
3272
3271
3270
3269
3269
3267
3263
3262
3262
3260
3259
3256
3256
3255
3255
3255
3254
3253
3253
3251
3250
3249
3249
3248
3247
3247
3247
3247
3246
3243
3243
3243
3243
3242
3241
3241
3241
3240
3237
3236
3235
3235
3234
3234
3234
3233
3233
3232
3228
3227
3226
3226
3225
3222
3222
3221
3220
3218
3218
3218
3217
3217
3217
3217
3215
3215
3214
3213
3212
3211
3211
3210
3209
3209
3208
3208
3207
3207
3206
3206
3204
3204
3203
3203
3203
3203
3203
3202
3202
3199
3198
3198
3198
3197
3196
3196
3195
3195
3194
3194
3193
3193
3191
3190
3188
3188
3187
3186
3185
3185
3184
3184
3183
3183
3182
3181
3181
3181
3180
3180
3179
3179
3178
3177
3176
3176
3176
3173
3173
3172
3172
3171
3170
3170
3169
3169
3169
3168
3167
3164
3164
3164
3161
3161
3158
3158
3156
3155
3154
3153
3150
3150
3147
3147
3146
3146
3146
3144
3144
3143
3143
3143
3141
3141
3140
3137
3137
3136
3134
3134
3133
3133
3130
3130
3130
3130
3125
3125
3124
3124
3124
3123
3120
3119
3119
3118
3118
3117
3116
3116
3116
3116
3116
3115
3115
3114
3114
3114
3113
3113
3113
3112
3111
3111
3110
3110
3110
3109
3109
3108
3107
3107
3107
3106
3106
3106
3105
3104
3104
3103
3103
3102
3101
3099
3099
3098
3096
3096
3095
3093
3092
3091
3090
3090
3090
3089
3088
3086
3086
3086
3086
3083
3083
3083
3082
3082
3081
3081
3081
3080
3079
3079
3078
3078
3077
3076
3075
3074
3074
3074
3073
3073
3073
3071
3071
3071
3070
3068
3066
3066
3065
3065
3064
3064
3064
3061
3060
3060
3060
3060
3056
3056
3053
3053
3052
3051
3050
3049
3049
3048
3048
3046
3046
3046
3046
3045
3042
3041
3041
3040
3040
3037
3037
3037
3037
3036
3036
3035
3035
3034
3034
3032
3032
3031
3031
3029
3029
3028
3028
3027
3025
3022
3022
3022
3021
3020
3018
3018
3018
3017
3017
3016
3013
3012
3012
3011
3010
3010
3010
3010
3009
3009
3008
3007
3006
3006
3006
3005
3005
3004
3003
3003
3003
3001
2998
2998
2997
2997
2997
2996
2994
2994
2994
2993
2992
2990
2990
2990
2988
2988
2987
2987
2986
2986
2985
2985
2985
2984
2983
2983
2982
2980
2980
2980
2979
2979
2979
2978
2978
2977
2977
2977
2975
2974
2974
2974
2973
2972
2971
2970
2970
2970
2969
2969
2967
2965
2964
2964
2964
2963
2961
2960
2960
2959
2959
2959
2958
2957
2957
2957
2955
2955
2953
2952
2951
2950
2949
2947
2945
2944
2944
2943
2942
2940
2938
2934
2933
2933
2932
2931
2931
2930
2929
2927
2927
2925
2925
2924
2921
2920
2920
2920
2919
2918
2918
2917
2917
2917
2917
2917
2917
2917
2917
2916
2916
2916
2914
2913
2913
2912
2912
2910
2909
2908
2907
2907
2906
2905
2905
2904
2904
2903
2902
2902
2901
2900
2898
2897
2896
2896
2896
2896
2896
2895
2894
2894
2893
2892
2891
2890
2890
2890
2889
2889
2888
2887
2887
2885
2885
2885
2884
2884
2883
2883
2880
2880
2880
2879
2878
2878
2878
2877
2877
2876
2876
2874
2874
2874
2872
2872
2871
2871
2867
2867
2866
2863
2863
2863
2862
2859
2859
2857
2857
2857
2856
2856
2854
2854
2852
2849
2848
2847
2847
2847
2847
2846
2846
2846
2846
2846
2844
2844
2843
2842
2842
2842
2841
2840
2840
2840
2839
2839
2838
2837
2836
2836
2836
2836
2835
2835
2835
2833
2833
2832
2832
2831
2831
2829
2828
2827
2826
2826
2825
2825
2824
2823
2823
2823
2823
2821
2818
2818
2818
2818
2818
2818
2817
2816
2815
2815
2814
2814
2813
2813
2813
2812
2812
2812
2811
2810
2809
2809
2808
2808
2806
2805
2805
2805
2804
2804
2803
2803
2799
2798
2798
2796
2796
2796
2796
2796
2796
2794
2792
2790
2790
2788
2788
2787
2787
2786
2786
2785
2784
2783
2783
2783
2782
2781
2781
2781
2780
2780
2779
2779
2777
2774
2773
2773
2773
2773
2772
2771
2771
2771
2771
2770
2770
2768
2766
2766
2765
2764
2763
2761
2761
2761
2760
2759
2758
2757
2757
2757
2756
2756
2756
2755
2755
2755
2755
2753
2752
2750
2750
2748
2748
2747
2747
2745
2745
2745
2745
2745
2745
2744
2744
2744
2744
2743
2743
2743
2743
2742
2741
2741
2741
2740
2739
2739
2738
2738
2737
2737
2737
2736
2736
2735
2735
2735
2734
2733
2733
2732
2730
2730
2729
2729
2728
2728
2728
2727
2726
2726
2725
2725
2725
2724
2724
2724
2721
2720
2719
2717
2717
2716
2715
2715
2714
2713
2710
2709
2709
2708
2708
2705
2705
2704
2704
2704
2703
2703
2702
2702
2700
2699
2699
2698
2697
2697
2696
2696
2696
2695
2694
2693
2692
2692
2692
2691
2690
2690
2690
2689
2689
2689
2688
2688
2687
2687
2686
2686
2686
2685
2685
2684
2684
2683
2682
2682
2682
2681
2681
2681
2681
2680
2679
2679
2679
2679
2679
2679
2678
2676
2675
2675
2674
2673
2673
2671
2670
2670
2670
2669
2669
2669
2668
2668
2668
2667
2667
2665
2664
2664
2664
2663
2661
2661
2659
2658
2657
2657
2654
2653
2653
2653
2650
2646
2645
2644
2644
2644
2643
2643
2642
2642
2642
2642
2641
2641
2640
2639
2638
2637
2637
2637
2636
2636
2636
2635
2634
2634
2634
2630
2630
2629
2629
2629
2628
2628
2628
2627
2627
2626
2626
2625
2624
2623
2621
2621
2621
2619
2618
2618
2618
2618
2617
2617
2617
2617
2616
2616
2615
2614
2614
2611
2611
2610
2609
2609
2609
2609
2609
2608
2607
2606
2606
2605
2603
2603
2603
2601
2601
2601
2600
2600
2599
2599
2599
2599
2598
2598
2597
2597
2596
2596
2595
2595
2595
2593
2593
2593
2592
2592
2591
2591
2591
2590
2590
2590
2590
2589
2589
2587
2587
2587
2587
2586
2586
2585
2585
2584
2584
2583
2582
2582
2581
2579
2579
2578
2577
2577
2576
2575
2573
2572
2571
2571
2571
2571
2570
2570
2569
2569
2569
2568
2568
2568
2568
2567
2566
2566
2565
2565
2563
2563
2563
2562
2561
2560
2560
2560
2560
2559
2559
2559
2558
2558
2556
2556
2555
2554
2552
2551
2551
2551
2550
2549
2549
2548
2547
2547
2546
2545
2545
2544
2543
2543
2543
2543
2542
2542
2541
2541
2540
2540
2538
2537
2537
2536
2536
2536
2536
2534
2534
2533
2532
2531
2530
2530
2530
2529
2529
2529
2529
2527
2526
2525
2524
2524
2521
2521
2520
2520
2519
2518
2518
2517
2516
2516
2515
2514
2514
2514
2513
2513
2512
2511
2510
2509
2508
2508
2507
2506
2506
2505
2505
2503
2501
2500
2500
2499
2499
2498
2495
2495
2494
2493
2493
2493
2492
2491
2489
2488
2488
2488
2486
2484
2484
2482
2481
2478
2478
2477
2476
2475
2475
2475
2475
2474
2474
2473
2473
2472
2471
2470
2468
2468
2468
2467
2467
2466
2466
2465
2464
2464
2464
2463
2463
2463
2462
2462
2462
2461
2459
2458
2458
2458
2457
2457
2456
2456
2456
2456
2455
2455
2455
2454
2451
2451
2450
2450
2449
2449
2449
2449
2448
2448
2446
2446
2446
2446
2444
2443
2443
2442
2441
2441
2440
2440
2440
2439
2439
2438
2438
2438
2438
2437
2437
2437
2436
2435
2434
2434
2431
2431
2430
2429
2429
2429
2427
2425
2425
2424
2424
2423
2423
2423
2423
2422
2421
2420
2420
2419
2419
2417
2417
2416
2415
2415
2414
2414
2414
2414
2413
2413
2413
2411
2411
2410
2409
2408
2407
2406
2405
2405
2405
2405
2404
2404
2404
2403
2403
2401
2401
2399
2399
2398
2398
2398
2397
2397
2396
2396
2396
2395
2395
2394
2394
2393
2391
2390
2390
2390
2388
2388
2387
2387
2387
2386
2385
2384
2384
2383
2382
2381
2381
2381
2381
2380
2380
2379
2379
2379
2379
2379
2378
2378
2377
2376
2374
2374
2373
2373
2373
2373
2372
2372
2372
2372
2371
2371
2370
2369
2367
2366
2365
2365
2365
2364
2363
2363
2363
2363
2363
2362
2362
2360
2360
2359
2359
2356
2355
2355
2355
2355
2354
2354
2353
2353
2353
2352
2352
2352
2351
2351
2351
2349
2348
2348
2347
2347
2346
2345
2345
2344
2343
2342
2342
2340
2340
2339
2338
2338
2337
2336
2336
2335
2334
2334
2332
2332
2332
2331
2331
2330
2330
2330
2330
2329
2328
2328
2327
2327
2327
2326
2326
2326
2325
2322
2321
2321
2321
2320
2320
2318
2317
2316
2316
2314
2314
2312
2312
2311
2311
2310
2310
2310
2309
2307
2306
2304
2303
2303
2303
2303
2302
2301
2300
2299
2298
2295
2295
2295
2295
2294
2294
2294
2293
2292
2292
2291
2289
2289
2289
2289
2288
2288
2288
2287
2286
2285
2285
2285
2284
2284
2283
2283
2282
2282
2282
2282
2281
2281
2281
2280
2280
2279
2278
2277
2277
2276
2275
2275
2274
2274
2274
2274
2273
2273
2273
2272
2271
2270
2268
2268
2266
2265
2265
2264
2264
2264
2264
2263
2262
2260
2259
2259
2257
2257
2257
2256
2256
2255
2255
2255
2254
2253
2252
2249
2248
2248
2248
2247
2247
2246
2246
2245
2244
2244
2243
2243
2242
2241
2241
2241
2240
2240
2240
2239
2238
2236
2235
2234
2233
2233
2233
2232
2228
2227
2226
2225
2225
2224
2224
2224
2223
2221
2221
2221
2220
2219
2219
2218
2217
2217
2216
2215
2215
2215
2214
2212
2209
2209
2209
2208
2207
2207
2206
2206
2205
2205
2204
2203
2203
2202
2202
2202
2201
2201
2200
2199
2197
2197
2192
2192
2192
2192
2191
2191
2190
2189
2188
2184
2182
2182
2181
2181
2181
2181
2179
2179
2179
2178
2178
2177
2175
2174
2173
2171
2170
2170
2170
2169
2168
2167
2165
2164
2164
2164
2164
2162
2161
2158
2158
2156
2155
2154
2153
2153
2152
2152
2152
2152
2149
2148
2148
2147
2146
2144
2144
2143
2143
2142
2141
2140
2140
2140
2140
2139
2139
2139
2138
2138
2135
2134
2134
2134
2134
2133
2133
2132
2132
2131
2131
2130
2129
2129
2128
2128
2128
2127
2127
2126
2125
2125
2125
2124
2124
2123
2123
2121
2118
2117
2116
2116
2116
2114
2114
2114
2113
2112
2111
2110
2110
2110
2109
2109
2109
2109
2109
2108
2108
2107
2107
2107
2107
2105
2104
2103
2103
2102
2101
2100
2099
2099
2098
2098
2098
2097
2096
2096
2096
2095
2094
2094
2092
2092
2092
2091
2091
2090
2090
2090
2089
2089
2086
2086
2084
2083
2082
2082
2082
2082
2082
2081
2081
2081
2081
2080
2080
2079
2079
2079
2078
2078
2077
2077
2076
2076
2075
2075
2074
2073
2073
2072
2070
2068
2068
2065
2065
2064
2063
2063
2063
2063
2062
2061
2061
2058
2058
2058
2058
2057
2056
2055
2054
2053
2051
2051
2050
2050
2050
2049
2048
2048
2047
2047
2046
2045
2045
2045
2044
2043
2043
2043
2043
2041
2039
2038
2038
2037
2037
2036
2036
2035
2034
2033
2032
2032
2032
2031
2030
2029
2027
2026
2026
2025
2025
2023
2022
2021
2021
2021
2021
2019
2019
2019
2019
2018
2017
2017
2017
2016
2016
2015
2014
2014
2013
2013
2012
2010
2009
2009
2008
2008
2008
2008
2008
2008
2006
2005
2005
2004
2004
2004
2003
2003
2003
2003
2002
2001
1999
1999
1998
1996
1995
1995
1993
1993
1993
1992
1992
1992
1992
1992
1992
1991
1991
1990
1988
1988
1988
1988
1987
1987
1987
1986
1986
1985
1984
1983
1982
1980
1978
1977
1977
1975
1975
1974
1974
1974
1972
1972
1971
1971
1971
1971
1971
1969
1968
1967
1967
1966
1966
1965
1964
1964
1962
1962
1962
1961
1960
1960
1959
1958
1957
1957
1956
1956
1954
1954
1953
1953
1953
1952
1952
1952
1951
1951
1950
1949
1948
1948
1947
1947
1947
1946
1946
1946
1946
1945
1945
1945
1944
1944
1944
1944
1943
1943
1942
1942
1942
1941
1941
1939
1939
1937
1937
1936
1936
1935
1933
1933
1931
1931
1931
1931
1929
1929
1926
1926
1925
1924
1923
1923
1922
1922
1922
1919
1918
1916
1915
1915
1914
1914
1913
1913
1912
1910
1909
1909
1909
1909
1907
1906
1906
1906
1905
1903
1903
1903
1902
1902
1901
1901
1900
1900
1900
1899
1899
1897
1897
1897
1896
1896
1895
1895
1895
1894
1894
1894
1893
1893
1892
1891
1891
1890
1890
1890
1890
1889
1888
1887
1886
1886
1886
1885
1884
1884
1883
1882
1880
1880
1880
1879
1879
1878
1878
1877
1877
1877
1877
1876
1876
1875
1875
1875
1875
1874
1874
1872
1871
1871
1871
1870
1870
1869
1869
1868
1867
1866
1865
1865
1865
1865
1865
1862
1862
1861
1861
1861
1860
1858
1858
1857
1857
1857
1856
1856
1855
1854
1854
1853
1853
1853
1853
1853
1852
1852
1852
1851
1850
1850
1849
1849
1848
1847
1847
1845
1845
1845
1845
1844
1843
1841
1841
1840
1840
1840
1839
1839
1839
1838
1838
1836
1836
1834
1834
1831
1830
1830
1829
1828
1827
1827
1825
1825
1825
1824
1824
1824
1822
1822
1822
1822
1821
1819
1819
1819
1818
1818
1817
1817
1816
1816
1814
1812
1810
1808
1808
1808
1807
1804
1803
1803
1802
1799
1799
1799
1798
1796
1795
1795
1793
1792
1792
1792
1792
1792
1791
1790
1790
1790
1789
1789
1788
1788
1787
1787
1787
1787
1786
1786
1786
1784
1782
1781
1780
1780
1779
1779
1778
1778
1777
1777
1775
1775
1774
1773
1771
1771
1771
1769
1769
1769
1768
1767
1767
1766
1765
1765
1765
1764
1764
1763
1763
1762
1762
1762
1761
1761
1760
1760
1760
1760
1760
1759
1758
1757
1757
1756
1755
1755
1754
1753
1753
1753
1753
1753
1752
1752
1749
1748
1747
1746
1745
1744
1744
1743
1742
1742
1742
1741
1740
1739
1738
1737
1736
1735
1735
1734
1734
1734
1732
1732
1731
1731
1731
1731
1729
1729
1728
1726
1725
1725
1725
1724
1720
1720
1720
1720
1719
1717
1717
1717
1716
1715
1715
1714
1714
1714
1713
1712
1712
1712
1712
1711
1710
1710
1710
1709
1709
1709
1708
1705
1705
1704
1704
1704
1703
1703
1702
1702
1702
1702
1701
1700
1699
1699
1698
1698
1696
1695
1695
1693
1693
1690
1690
1690
1689
1688
1688
1687
1687
1687
1686
1686
1686
1686
1686
1685
1685
1684
1684
1683
1680
1680
1680
1678
1678
1678
1675
1675
1675
1674
1674
1674
1674
1673
1673
1673
1672
1671
1671
1671
1670
1670
1670
1669
1669
1668
1667
1667
1667
1666
1666
1666
1665
1665
1665
1664
1664
1664
1663
1662
1662
1661
1660
1659
1659
1659
1658
1657
1656
1656
1655
1654
1653
1653
1653
1650
1648
1648
1648
1648
1648
1647
1646
1645
1644
1644
1644
1643
1642
1641
1641
1640
1640
1639
1638
1638
1638
1636
1636
1636
1634
1633
1632
1632
1632
1631
1630
1629
1628
1628
1628
1628
1628
1625
1625
1624
1622
1622
1622
1621
1621
1620
1620
1620
1619
1619
1617
1617
1615
1615
1615
1614
1613
1613
1613
1613
1612
1612
1611
1610
1610
1610
1610
1610
1609
1607
1606
1606
1606
1605
1604
1603
1602
1602
1596
1596
1595
1595
1595
1594
1594
1593
1593
1591
1590
1588
1587
1587
1587
1587
1586
1586
1584
1584
1583
1583
1583
1583
1582
1582
1581
1578
1577
1576
1574
1574
1574
1572
1572
1572
1572
1572
1572
1570
1570
1569
1569
1569
1567
1566
1566
1565
1564
1563
1562
1562
1559
1559
1559
1559
1559
1558
1558
1558
1557
1557
1557
1557
1556
1556
1556
1555
1555
1554
1554
1554
1554
1554
1552
1552
1552
1551
1551
1550
1550
1549
1548
1548
1547
1547
1547
1547
1546
1546
1545
1544
1543
1543
1542
1542
1539
1539
1537
1537
1537
1536
1534
1534
1532
1531
1528
1528
1528
1528
1528
1528
1527
1526
1525
1525
1524
1524
1523
1522
1521
1521
1520
1519
1518
1518
1518
1517
1516
1516
1514
1513
1512
1511
1511
1511
1511
1510
1510
1510
1509
1509
1508
1508
1508
1506
1506
1506
1506
1505
1503
1501
1500
1500
1500
1499
1499
1499
1498
1497
1496
1496
1496
1495
1494
1492
1492
1492
1490
1489
1488
1488
1488
1487
1487
1487
1487
1487
1486
1485
1485
1484
1483
1483
1482
1482
1482
1481
1480
1480
1479
1479
1479
1479
1479
1478
1477
1475
1475
1475
1474
1474
1473
1473
1472
1471
1471
1469
1469
1469
1467
1467
1467
1466
1466
1464
1463
1461
1460
1459
1457
1456
1456
1455
1455
1454
1453
1453
1452
1451
1451
1449
1449
1448
1448
1446
1446
1446
1445
1444
1444
1443
1442
1441
1440
1440
1440
1439
1438
1438
1438
1437
1437
1434
1434
1433
1431
1430
1430
1430
1429
1428
1427
1427
1426
1425
1424
1423
1423
1423
1423
1422
1421
1419
1419
1419
1418
1418
1418
1417
1416
1416
1416
1416
1416
1416
1415
1413
1413
1413
1413
1412
1412
1412
1411
1410
1410
1409
1409
1408
1408
1407
1406
1406
1405
1405
1405
1404
1403
1402
1400
1400
1400
1399
1399
1399
1399
1397
1397
1396
1394
1394
1393
1393
1391
1391
1391
1390
1389
1389
1388
1386
1385
1385
1384
1384
1384
1384
1384
1384
1383
1382
1381
1381
1381
1380
1378
1378
1377
1376
1376
1374
1372
1372
1372
1371
1371
1371
1371
1370
1369
1369
1368
1368
1367
1366
1365
1365
1365
1364
1364
1364
1363
1363
1362
1361
1360
1360
1360
1359
1359
1359
1359
1357
1357
1357
1357
1356
1355
1353
1352
1350
1350
1348
1347
1346
1346
1345
1341
1341
1341
1340
1340
1340
1340
1339
1339
1338
1338
1338
1337
1337
1336
1335
1335
1334
1334
1333
1333
1332
1331
1331
1331
1330
1328
1328
1328
1326
1326
1326
1326
1325
1324
1324
1324
1323
1322
1322
1321
1320
1320
1319
1318
1318
1318
1317
1317
1315
1314
1314
1312
1312
1312
1311
1311
1311
1310
1310
1310
1309
1309
1309
1309
1307
1307
1307
1307
1306
1306
1305
1305
1304
1304
1304
1301
1300
1299
1299
1298
1298
1298
1297
1293
1293
1292
1292
1291
1291
1289
1288
1288
1287
1286
1286
1285
1284
1284
1283
1282
1282
1282
1281
1280
1278
1278
1277
1276
1275
1275
1274
1274
1274
1274
1273
1273
1272
1272
1271
1271
1270
1269
1269
1269
1269
1269
1268
1268
1268
1267
1266
1266
1265
1265
1264
1264
1264
1264
1264
1263
1263
1262
1260
1260
1260
1259
1259
1257
1257
1255
1255
1254
1254
1253
1252
1252
1252
1252
1252
1251
1251
1250
1250
1250
1250
1249
1248
1247
1247
1247
1245
1245
1244
1244
1243
1242
1242
1242
1241
1241
1240
1240
1240
1239
1238
1237
1237
1236
1235
1234
1233
1233
1232
1230
1229
1229
1228
1228
1227
1227
1227
1226
1226
1226
1225
1225
1224
1224
1223
1223
1223
1223
1222
1221
1221
1220
1220
1219
1219
1219
1218
1218
1216
1216
1215
1215
1215
1214
1214
1213
1212
1211
1211
1210
1210
1210
1210
1208
1208
1208
1208
1207
1207
1207
1207
1207
1206
1206
1206
1206
1206
1205
1205
1204
1204
1203
1201
1201
1201
1196
1195
1194
1193
1193
1192
1192
1191
1190
1190
1189
1189
1189
1189
1188
1188
1187
1187
1187
1186
1185
1184
1184
1183
1183
1183
1182
1182
1181
1181
1181
1181
1181
1180
1180
1178
1178
1177
1176
1176
1176
1175
1175
1175
1175
1175
1175
1174
1174
1174
1173
1171
1170
1170
1170
1169
1168
1168
1167
1167
1166
1165
1165
1164
1164
1164
1162
1161
1160
1159
1159
1159
1158
1157
1157
1157
1156
1155
1154
1154
1154
1153
1153
1153
1153
1152
1151
1151
1151
1151
1150
1150
1149
1148
1145
1145
1144
1142
1142
1141
1141
1140
1139
1138
1137
1135
1135
1134
1132
1132
1132
1131
1129
1129
1128
1128
1128
1126
1125
1124
1122
1122
1121
1121
1120
1120
1119
1118
1116
1116
1116
1116
1115
1114
1114
1113
1113
1113
1112
1111
1111
1110
1110
1110
1109
1108
1108
1108
1107
1106
1105
1105
1103
1103
1103
1103
1103
1102
1101
1101
1101
1101
1101
1101
1100
1100
1100
1099
1099
1098
1098
1098
1098
1098
1097
1096
1095
1094
1091
1091
1091
1090
1090
1090
1089
1088
1088
1088
1087
1084
1084
1084
1083
1082
1082
1081
1080
1079
1079
1078
1077
1076
1075
1075
1075
1074
1074
1073
1073
1071
1071
1069
1069
1067
1066
1065
1064
1064
1064
1062
1061
1061
1059
1059
1059
1059
1058
1057
1056
1055
1053
1053
1052
1051
1050
1050
1050
1049
1049
1049
1048
1047
1047
1045
1045
1044
1044
1043
1043
1041
1040
1039
1038
1038
1038
1038
1037
1037
1037
1036
1036
1035
1034
1033
1032
1032
1032
1030
1030
1029
1028
1028
1027
1027
1027
1026
1025
1025
1025
1025
1023
1023
1022
1022
1022
1022
1022
1022
1022
1021
1021
1021
1021
1020
1020
1019
1019
1019
1019
1018
1017
1017
1016
1016
1015
1015
1014
1014
1013
1012
1011
1010
1010
1008
1008
1008
1008
1007
1006
1003
1003
1002
1002
1002
1001
1000
999
998
997
997
996
995
994
994
991
991
990
990
989
988
986
986
985
984
984
984
983
983
980
980
980
979
978
978
978
977
976
976
976
976
976
975
975
974
974
974
973
973
973
971
971
970
970
969
968
968
968
967
966
965
964
964
964
964
963
963
962
961
959
958
958
958
958
957
956
956
956
955
955
954
953
953
952
951
951
951
950
949
949
948
948
947
947
946
946
946
946
945
944
944
944
943
943
942
942
941
939
939
938
937
936
936
935
935
934
934
934
933
932
932
930
930
929
928
927
927
927
927
926
926
925
924
923
922
921
921
921
921
921
920
919
918
917
916
916
915
915
913
912
912
911
910
909
906
906
906
905
904
903
902
901
900
900
899
899
898
897
897
895
895
894
894
894
894
894
894
893
893
892
892
889
889
887
887
887
886
886
883
883
883
882
882
882
882
881
881
881
880
880
879
879
879
879
879
878
878
878
878
877
874
873
872
872
871
871
870
868
867
867
866
866
866
863
863
862
862
861
859
858
856
856
856
855
854
853
852
851
850
850
850
849
848
847
847
847
847
845
845
845
842
841
841
841
841
839
839
839
839
837
835
834
833
833
832
832
832
831
829
829
828
828
827
827
827
826
826
826
824
824
823
822
821
820
820
819
819
819
819
819
818
817
817
817
816
816
815
815
815
814
814
814
813
813
813
812
811
810
810
809
809
809
808
808
807
806
805
805
805
804
804
804
802
802
802
802
802
801
801
799
799
799
798
798
797
796
796
796
794
793
792
790
790
790
788
788
787
787
787
786
785
784
783
783
782
782
781
781
780
779
778
777
777
777
776
775
775
775
773
773
773
773
773
773
772
772
771
770
770
768
767
766
764
764
763
763
762
762
762
761
761
759
758
758
757
756
756
755
754
751
751
751
750
750
750
749
749
748
748
747
746
746
745
745
744
744
741
740
740
740
739
739
738
737
736
736
736
736
736
736
736
735
735
732
732
732
731
731
729
728
728
728
727
725
725
724
724
723
722
722
721
721
720
720
720
718
717
717
717
715
715
714
713
712
711
711
710
710
710
710
709
709
707
706
705
705
705
704
703
703
703
702
702
702
701
699
697
697
696
696
696
696
695
695
695
694
693
693
692
692
691
691
690
690
690
690
689
688
688
688
688
688
688
686
686
686
685
685
685
684
684
682
682
682
681
681
678
678
678
678
677
676
674
674
673
673
673
670
670
669
667
667
667
667
666
664
664
664
662
660
658
658
656
655
655
655
655
654
653
653
653
653
652
652
651
650
650
650
650
649
649
648
648
647
647
646
646
646
645
645
645
642
642
642
640
640
639
639
639
639
638
638
637
637
636
636
636
635
634
634
634
634
633
632
632
631
630
630
630
628
627
627
626
626
625
624
624
624
623
622
622
621
621
620
620
619
619
618
618
617
617
616
616
615
615
615
615
614
614
614
613
610
608
608
607
607
606
606
606
606
606
605
604
604
604
603
603
602
602
602
602
601
601
601
600
600
600
599
599
598
598
597
597
594
593
593
592
591
591
590
589
588
588
587
586
586
585
584
584
584
583
578
578
578
578
577
577
577
576
576
575
575
575
575
574
573
572
570
570
570
569
568
568
568
567
566
566
565
564
564
563
563
561
561
561
561
560
560
559
558
558
558
558
557
557
557
557
557
556
556
556
552
551
551
550
550
549
548
548
548
547
547
547
546
546
545
544
544
542
541
540
540
539
538
537
536
535
535
535
535
535
534
533
532
532
531
531
531
530
529
529
528
527
527
525
525
525
525
525
524
522
521
521
521
519
518
518
518
517
517
517
516
512
512
512
510
509
509
509
508
508
508
507
506
506
506
506
505
505
504
504
503
503
503
502
501
500
500
499
499
499
498
498
497
495
494
494
494
494
494
494
493
493
493
492
492
489
489
487
487
486
485
485
484
484
483
483
480
480
479
478
478
478
478
478
477
476
476
475
474
473
473
472
472
472
472
471
470
470
470
468
468
468
468
467
467
467
466
466
466
466
465
464
464
463
462
462
460
460
460
459
459
458
457
456
456
456
455
453
450
450
450
449
449
449
448
447
447
447
447
446
445
445
444
444
443
443
443
443
442
441
441
440
439
439
437
437
437
437
436
436
435
432
432
432
432
431
431
430
430
430
428
427
427
426
426
424
424
423
422
421
420
420
419
419
419
419
418
416
416
415
415
415
414
414
412
409
408
408
408
407
406
405
405
404
403
403
403
403
403
402
402
401
400
399
399
399
397
396
396
396
394
394
394
392
392
390
390
390
388
388
387
386
383
383
383
382
382
381
380
380
380
379
378
377
377
376
376
375
374
373
373
372
372
372
371
371
370
369
368
368
368
368
367
366
364
364
363
362
362
362
361
361
360
359
359
359
358
358
358
357
356
356
356
356
356
356
354
353
352
352
352
351
351
351
350
349
347
347
346
344
342
341
340
340
340
339
339
339
338
337
335
335
335
335
334
334
333
333
332
332
331
331
331
330
330
330
328
328
328
325
324
324
324
324
322
321
319
318
318
317
315
315
314
314
313
312
312
312
312
310
310
310
310
309
309
308
308
306
306
306
306
305
304
304
304
303
302
302
301
301
301
300
298
298
297
297
297
297
296
295
295
294
293
293
291
290
289
289
285
284
284
284
283
281
281
280
279
275
273
272
271
270
270
268
267
267
266
265
265
264
263
262
262
261
259
259
257
257
256
256
255
255
255
255
255
255
255
254
254
252
252
252
251
250
250
249
249
249
249
248
248
248
247
247
247
246
246
246
245
244
244
244
243
243
242
242
240
239
239
238
238
237
237
237
236
235
235
235
234
234
234
234
233
233
232
232
232
232
231
231
230
229
226
225
224
224
223
222
222
222
220
220
220
219
218
217
217
217
217
216
216
215
215
215
214
213
213
212
210
210
209
209
209
209
208
208
208
208
208
208
208
206
206
206
206
204
204
203
202
202
202
202
201
197
197
197
194
194
193
192
191
190
190
190
189
189
188
188
186
186
186
185
184
184
182
182
182
181
181
180
180
179
179
178
177
176
175
175
173
173
171
170
170
169
169
168
167
167
167
166
166
164
164
162
161
160
160
160
159
158
156
156
156
156
155
152
151
151
150
149
149
148
148
148
147
146
145
145
144
142
142
141
140
138
138
137
135
131
130
130
130
129
129
129
128
126
126
126
126
126
125
125
124
124
123
123
123
122
121
120
119
119
118
117
116
116
116
116
114
114
114
114
113
112
111
111
111
111
111
110
108
108
106
106
106
106
106
106
105
105
105
105
105
103
102
102
100
100
99
98
97
97
95
94
93
92
91
90
90
89
88
87
87
87
87
87
87
86
85
85
84
83
82
81
80
80
79
78
77
77
77
77
77
76
75
74
74
74
73
73
73
73
73
72
71
70
70
70
70
69
69
69
69
68
68
67
67
67
66
66
64
64
63
63
63
63
62
62
62
62
61
61
60
60
60
59
59
58
58
58
56
53
52
51
50
49
48
48
48
47
47
46
46
45
44
44
44
43
43
42
39
38
38
38
38
35
35
34
34
31
29
29
28
27
27
24
23
21
21
20
19
18
18
17
17
16
16
15
15
15
12
12
11
11
11
9
8
8
8
7
7
4
4
4
3
3
2
2
1
1
1
1
1
0
0
0
0
0
0
0
