2599
47
2334
2703
2035
3890
199
2718
274
4345
243
373
401
439
559
64
596
665
669
4889
571
719
737
772
3906
826
3035
916
1007
1144
1159
1180
2266
1240
1321
1363
1374
1472
1611
1622
4223
1642
3017
1899
341
3750
2158
2178
2261
1231
2270
2291
2298
687
2356
1656
791
3498
2616
2621
105
131
2723
2762
2807
2872
2937
2951
2971
3016
3986
916
3137
9
3520
3745
2051
3598
4574
3763
3828
3861
3874
156
3899
2514
3931
2391
4069
4172
1629
4281
4299
4307
332
4485
4500
3648
680
4977
