4
9
3071
16
16
18
21
22
847
26
27
36
37
38
43
47
47
56
65
66
68
73
4508
90
91
92
96
98
109
110
119
126
129
130
130
139
143
144
147
155
158
909
160
161
164
168
171
181
184
185
188
189
190
191
191
209
214
214
217
232
232
235
241
251
257
263
264
264
266
271
290
293
295
296
300
312
321
328
331
333
339
1061
348
350
360
361
362
366
369
379
379
381
383
1709
3014
398
405
422
425
446
453
453
454
462
466
470
472
472
473
473
474
476
477
478
481
491
502
521
523
526
535
537
545
549
550
553
569
582
585
590
597
599
599
610
616
621
624
631
638
639
641
642
649
1086
650
654
659
665
665
665
670
688
690
695
697
697
701
708
710
710
720
735
736
739
741
742
743
748
755
761
769
777
778
781
1073
2423
794
797
802
806
814
4735
823
825
827
830
847
22
851
853
859
870
882
885
890
892
894
898
898
904
909
158
912
915
919
922
2613
935
937
942
951
958
980
985
994
995
999
1004
1007
1018
1020
1021
1032
1041
347
1066
1070
782
1077
1078
1078
1078
1079
650
1091
1092
1094
1095
1097
1109
1123
1141
1146
1150
1151
1170
1183
1191
1194
1196
1196
1199
1209
1211
1218
1221
1223
1244
1245
1251
1258
1258
1268
1269
1279
1279
1280
1290
1293
1298
1300
1308
1312
1313
1315
1318
1322
1323
1324
1329
1331
2382
1340
1349
1349
1351
2538
1362
1368
1368
1371
1377
1386
1388
1390
1394
1396
1398
1399
1417
1418
1427
1435
1453
1456
1463
1465
1471
1473
1481
1483
1489
1497
1507
1514
1516
1520
1521
1523
1539
1542
1543
1558
1561
1563
1572
1589
1591
1593
1593
1602
1603
1604
1605
1605
1617
1627
1627
1631
1637
1641
1644
1654
1657
1657
1658
1664
1665
1667
1671
1672
1684
1696
1700
384
1716
1722
1724
1725
1730
1736
1742
1747
1747
1752
1753
1754
1757
1765
1768
1769
1771
1773
1775
1777
1777
1777
1780
1797
1803
1809
1810
1820
1821
1821
1825
1831
1847
1853
1853
1855
1857
1860
1865
1865
1875
1878
818
1883
1886
1886
1888
1889
1895
1896
1902
1903
1903
1919
1920
1924
1928
1929
1929
1929
1929
1932
1943
1944
1952
1952
1956
1956
1958
1959
1961
1966
1968
1973
1973
1975
1981
1982
1986
1997
1997
1997
1999
2001
2010
2010
2029
2032
2041
2053
2056
2058
2063
2064
2064
2076
2077
2079
2090
2093
2096
2107
2114
2114
2124
2127
2131
2132
2134
2140
2143
4428
2153
2155
2157
2173
2176
2176
2177
2193
2193
2198
2200
2215
2220
2221
2222
2230
4788
2238
2240
2242
2257
2258
2258
2271
2276
2283
2287
2300
2300
2302
2304
4413
2324
2330
2332
2337
2338
2340
2340
2341
2344
2346
2349
2350
2357
2361
2366
2376
2376
2377
2377
2382
1340
2383
2392
2395
2413
793
2427
2431
2434
2440
2442
2458
2494
2516
2463
2463
2464
2465
2466
2469
2472
2475
2479
2479
2483
2489
2491
2459
2495
2497
2502
2505
2506
2506
2507
2510
2513
2460
2517
2518
2524
1357
2541
2548
2559
2563
2574
2576
2583
2586
2586
2588
2596
2603
2605
2608
934
2616
2618
2623
2627
2631
2636
2638
2638
2649
2651
2658
2672
2674
2676
2676
2679
2699
2704
2704
3909
2707
2709
2710
2712
2717
2720
2725
2731
2907
2742
2755
2759
2779
4728
2790
2802
2804
2807
2812
2812
2826
2829
2835
2837
2840
2853
2854
2856
2858
2872
2873
2879
2886
2894
2897
4522
2908
2924
2925
2926
2926
2928
2934
2938
2938
2942
2942
2949
2954
2955
2955
2959
2960
2979
2987
2991
2997
2998
2999
2999
3013
393
3020
3035
3036
3055
3065
3067
12
3074
3092
3093
3095
3097
3106
3106
3123
3124
3125
3127
3128
3144
3151
3156
3157
3158
3158
3162
3168
3183
3186
3187
3188
3207
3218
3219
3220
3222
3230
3234
3247
3248
3251
3262
3267
3271
3276
3279
3285
3298
3300
3321
3322
3324
3330
3344
3347
3351
3354
3356
3358
3366
3371
3375
3378
3382
3382
3383
3383
3383
3402
3404
3409
3411
3414
3423
3423
3426
3428
3429
3431
3433
3435
3440
3442
3442
3451
3452
3453
3490
3501
3501
3507
3510
3511
3512
3517
3535
3536
3538
3539
3540
3542
3546
3548
3549
3554
3555
3561
3571
3578
3579
3585
3592
3592
3614
3620
3623
3623
3627
3639
3645
3663
3667
3668
3676
3677
3678
3692
3692
3699
3701
3704
3707
3710
3710
3713
3714
3719
3730
3748
3750
3762
3770
3772
3778
3784
3788
3796
3796
3798
3803
3810
3835
3839
3840
3844
3847
3857
3858
3865
3874
3875
3877
3878
3890
3892
3894
3898
3899
2706
3915
3916
3918
3929
3945
3948
3954
3960
3974
3980
3982
3984
3985
3986
4026
4046
4047
4051
4072
4089
4099
4120
4127
4132
4136
4136
4138
4147
4151
4160
4160
4163
4167
4169
4173
4177
4179
4183
4188
4188
4190
4201
4221
4222
4223
4223
4230
4240
4256
4261
4267
4269
4270
4271
4271
4274
4293
4294
4301
4303
4312
4316
4317
4321
4328
4328
4335
4340
4364
4374
4375
4377
4380
4390
4392
4393
4397
4403
4406
2305
4414
4416
4416
4425
2150
4428
4437
4444
4447
4451
4459
4460
4462
4482
4494
4505
89
4519
2731
4533
4542
4547
4551
4554
4556
4557
4567
4575
4581
4582
4591
4603
4608
4621
4621
4624
4629
4631
4631
4632
4633
4645
4649
4650
4651
4656
4657
4659
4673
4675
4675
4692
4694
4705
4754
2781
1879
4748
4752
4710
4754
4772
4772
4781
4782
4782
2236
4790
4798
4806
4822
4840
4859
4867
4869
4870
4883
4889
4905
4924
4927
4928
4931
4939
4951
4956
4966
4969
4970
4971
4976
4982
4991
