29
107
131
3083
178
179
203
229
239
267
274
288
4677
337
358
4314
1992
1031
471
474
514
529
541
4323
555
3902
604
734
621
642
670
681
4578
618
783
798
810
836
952
469
1056
1132
1178
1189
1194
1200
1231
1231
1247
3911
1266
1303
1310
1313
1384
1724
1553
1561
1629
1412
1725
1753
1818
1837
1859
1913
1938
2292
441
1996
2030
2045
2051
2084
2091
2184
3573
2118
2134
2137
2144
2172
2180
2181
2099
3332
2247
2260
2286
1974
2322
2332
3404
2379
2403
2422
2447
2454
2464
2488
2523
2532
2589
4671
2591
2604
2717
2722
2729
2730
4687
3605
2848
2861
2908
2929
2940
3009
3037
3071
3082
153
3122
3223
3242
3284
3481
3326
2205
3363
4688
2741
3409
3411
3420
3455
3470
3300
3491
3501
3502
3567
2116
3582
2846
3608
3637
3637
3642
3695
3692
3655
4997
3747
3754
3778
3790
3801
3810
3846
3880
571
1247
4505
4063
4077
4121
4145
4185
4191
4196
4247
4247
4290
4297
424
545
4348
4366
4399
4050
696
4596
2590
299
2373
3372
4693
4699
4702
4714
4728
4777
4784
4785
4807
4873
4984
4989
3718
