2
3
12
16
17
18
20
22
23
24
25
27
30
31
33
37
38
38
38
39
41
42
42
42
46
48
51
52
54
57
58
58
59
61
65
66
2274
71
72
73
75
77
80
83
87
87
88
91
92
93
1786
97
102
103
103
104
104
104
105
109
109
110
111
1136
118
124
126
2294
141
141
145
147
150
156
159
166
167
168
170
175
175
179
180
187
188
189
189
189
192
193
195
197
197
197
201
206
206
214
215
216
217
219
220
222
222
223
223
226
3412
233
233
238
239
239
245
252
256
256
257
258
263
265
266
268
271
272
273
274
274
274
274
282
285
288
289
295
296
298
312
314
316
324
328
4841
333
2197
339
340
341
346
346
349
352
354
358
360
360
361
362
362
365
367
370
373
380
382
383
386
386
391
391
392
396
398
398
399
405
410
413
414
418
424
427
427
431
432
438
438
447
448
449
452
453
453
453
456
456
456
458
460
461
462
464
464
464
470
471
1094
473
473
478
478
482
484
490
492
492
492
501
503
508
510
516
523
526
529
534
541
541
546
549
553
554
556
560
561
563
565
568
568
569
569
576
578
580
583
584
584
585
585
587
587
591
591
592
594
594
594
594
606
611
613
614
617
620
622
622
623
625
626
626
627
629
632
637
637
640
648
651
654
655
656
658
4088
662
662
663
666
669
669
671
671
672
673
675
677
678
683
684
687
687
690
693
699
700
701
707
708
712
715
717
720
721
722
725
727
730
730
737
737
740
740
743
746
746
750
754
756
762
765
769
770
772
773
774
775
775
776
778
780
782
782
783
783
784
785
786
787
796
798
799
800
804
806
945
813
813
814
818
818
823
824
828
830
830
831
832
836
836
838
841
1063
842
843
844
851
851
853
855
860
866
873
879
885
891
893
893
894
894
897
899
900
904
907
908
909
912
914
918
920
922
924
3043
926
927
927
932
935
936
939
940
808
948
950
950
957
959
959
961
961
961
962
963
964
966
967
968
968
970
970
974
974
976
979
979
982
982
982
983
985
986
987
990
990
991
994
996
998
999
999
1001
1003
1004
1005
1008
1009
1010
1013
1014
1016
1016
1017
1019
1020
1024
1025
1026
1028
1029
1035
1037
1045
1046
1058
1058
1058
1058
1062
841
1064
1065
1066
1074
1077
1080
1083
1083
1084
1087
1088
1092
1093
473
1095
1099
1099
1103
1106
1106
1111
1111
1117
1118
1120
1125
1126
1128
1129
1133
1134
1134
117
1138
1143
1145
1146
1147
1156
1156
1158
1164
1167
1169
1178
1179
1180
1185
1185
1194
1194
1196
1200
1201
1204
1207
1209
1210
1214
1216
1218
1219
1222
1224
1225
1226
1231
1231
1235
1237
1238
1239
1241
1241
1243
1248
1250
1254
1257
1260
1261
1262
1264
1265
1266
1267
1267
1267
1268
1269
1269
1270
1277
1279
1281
1287
1287
1288
1289
1289
1292
1300
1302
1305
1311
1316
1317
1319
1320
1323
1332
1334
1336
1338
1338
1343
1346
1349
1352
1355
1356
1356
1357
1357
1359
1359
1367
1373
1375
1376
1377
1385
1390
1393
1399
1402
1402
1407
1407
1413
1414
1415
1415
1416
1416
1416
1421
1422
1423
1423
1425
1425
1425
1431
1433
1434
1434
1437
1438
1440
1442
1444
1445
1446
1447
1449
1453
1456
1456
1457
1459
1460
1461
1469
1471
1476
1477
1480
1486
1487
1488
1489
1489
1494
1495
1500
1503
1510
1510
1512
1512
1513
1514
1521
1524
1528
1532
1534
1535
1536
1537
1542
1542
1545
1546
1546
1547
1548
1550
1550
1552
1553
1554
1554
1557
1557
1566
1566
1567
1569
1569
1571
1571
1573
1574
1578
1579
1581
1582
1583
3608
1589
1589
1591
1591
1593
1596
1599
1601
1606
2663
1615
1617
1622
1622
1627
1628
1630
1639
1650
1650
1651
1651
1654
1655
3230
1657
1662
1662
1671
1672
1674
1680
1684
1685
1685
1685
1689
1689
1692
1693
1693
1693
1697
1698
1698
1698
1702
1702
1702
1705
1707
1709
1710
1712
1715
1719
1727
1735
1738
1740
1740
1743
1744
1746
1747
1747
1750
1756
1757
1759
1760
1760
1764
1764
1764
1766
1769
1773
1775
1784
1784
95
1786
1787
1788
1788
1794
1795
1796
1797
1800
1802
1807
1810
1814
1815
1817
1820
1822
2502
1829
1829
1832
1832
1834
1835
1836
1839
1840
1848
1851
1852
1857
1859
1860
1862
1863
1868
1874
1877
1883
1885
1888
1891
1894
1899
1899
1900
1901
1904
1906
1907
1912
1912
1913
1913
1914
1915
1917
1919
1919
1921
1921
1922
1926
1929
1930
1930
1931
1931
1931
1933
1933
1934
1935
1936
1939
1939
1943
1952
1953
1955
1956
1957
1958
1959
1959
1962
1966
1967
1970
1970
1971
1973
1977
1977
1978
1985
1986
1987
1990
1991
1993
1997
1997
2004
2005
2009
2009
2009
2012
2012
2015
2022
2028
2029
2030
2030
2030
2034
2037
2037
2040
2041
2042
2046
2046
2046
2051
2053
2056
2057
2058
2059
2062
2063
2066
2071
2073
2077
2888
2085
2087
2089
2091
2093
2096
2098
2098
2098
2101
2110
2117
2117
2118
2119
2120
2122
2124
2125
2126
2129
2130
2131
2134
2135
2135
2140
2140
2141
2143
2143
2143
2149
2152
2155
2155
2158
2164
2164
2165
2167
2167
2167
2168
2170
2172
2172
2174
2178
2182
2184
2185
336
2200
2202
2202
2209
2213
2213
2216
2217
2219
2222
2223
2236
2237
2239
2240
2245
2250
2252
2255
2256
2259
2262
2264
2268
2271
2272
70
2276
2279
2287
2287
2290
2292
137
2295
2295
2297
2297
2298
2299
2300
2300
2301
2306
2308
2310
2311
2312
2316
2320
2321
2322
2324
2332
2334
2335
2337
2338
2338
2341
2347
2348
2355
2357
2357
2362
2368
2368
2369
2376
2377
2378
2379
2383
2390
2391
2392
2400
2401
2404
2407
2410
2416
2416
2420
2420
2421
2422
2425
2429
2430
2435
2439
2441
2442
2442
2445
2457
2462
2466
2471
2472
2482
2492
2493
2497
2499
2953
2502
1822
2503
2506
2507
2507
2509
2509
2509
2512
2514
2518
2518
2521
2524
2525
2527
2528
2533
2536
2542
2545
2546
2549
2550
2551
2553
2555
2561
2562
2563
2564
2567
2568
2568
2569
2570
2571
2571
2573
2575
2586
2586
2589
2591
2591
2593
2593
2594
2595
2599
2607
2607
2613
2615
2617
2629
2630
2631
2634
2638
2643
2645
2650
2653
2654
2655
2656
2661
1615
2664
3752
2666
2667
2670
2670
2673
2677
2677
2681
2682
2684
2689
2689
2692
2699
2704
2705
2716
2717
2718
2719
2725
2728
2732
2733
2735
2737
2737
2739
2744
2745
2745
2760
2761
2762
2763
2764
2765
2767
2771
2772
2781
2781
2785
2793
2793
2794
2795
2800
2805
2811
2811
2811
4484
2821
2822
2825
2828
2828
2839
2841
2846
2857
2859
2859
2862
2866
2867
2869
2870
2873
2873
2875
2875
2874
2878
4093
2881
2883
2888
2083
2890
2890
2894
2897
2899
2901
2902
2904
2910
2917
2919
2919
3918
2923
2925
2928
2929
2933
2934
2941
2945
2949
2952
2500
2957
2958
2966
2967
2968
2969
2972
2974
2983
2986
2988
2991
2996
3002
3005
3005
3005
3006
3012
3015
3016
3025
3027
3028
3032
3036
925
3044
3047
3051
3051
3059
3062
3067
3071
3072
3077
3082
3084
3084
3090
3100
3108
3110
3110
3126
3127
3127
3127
3130
3132
3139
3143
3144
3145
3145
3149
3150
3150
3154
3161
3162
3171
3174
3176
3180
3183
3185
3186
3186
3193
3200
3202
3209
3211
3213
3214
3217
3218
3218
3219
1657
3230
3241
3243
3246
3246
3247
3917
3263
3263
3274
3277
3281
3283
3283
3284
3285
3289
3294
3295
3297
3298
3298
3299
3302
3304
3305
3307
3312
3313
3314
3314
3317
3320
3320
3321
3321
3323
3323
3323
3331
3332
3332
3333
3334
3335
3335
3336
3340
3349
3350
3351
3353
3355
3363
3366
3368
3369
3371
3374
3376
3380
3383
3383
3385
3388
3391
3393
3393
3394
3404
3409
228
3412
3413
3414
3418
3420
3428
3429
3430
3431
3431
3434
3446
3447
3448
3449
3460
3463
3464
3465
3465
3468
3475
3476
3477
3478
3479
3480
3480
3480
3482
3486
3487
3489
3490
3491
3493
3494
3494
3497
3497
3503
3504
3505
3506
3517
3521
3522
3536
3541
3554
3560
3569
3570
3573
3579
3579
3580
3580
3581
3582
3585
3588
3588
3593
3595
3603
3606
3606
3607
3608
1585
3611
3612
3615
3617
3620
3625
3631
3631
3632
3634
3637
3638
3645
3650
3651
3652
3652
3652
3655
3656
3656
3656
3657
3666
3669
3670
3671
3673
3675
3675
3685
3689
3690
3693
3695
3695
3698
3702
3704
3708
3711
3716
3717
3721
3723
3726
3728
3730
3734
3742
3742
3743
3744
3748
3750
3750
3751
3751
2665
3754
3755
3756
3759
3760
3761
3766
3768
3769
3775
3775
3779
3780
3785
3786
3787
3789
3791
3795
3795
3797
3798
3801
4633
3804
3804
3809
3811
3812
3812
3813
3814
3817
3822
3823
3826
3830
3830
3832
3833
3834
3835
3835
3835
3836
3836
3836
3837
3837
3838
3841
3846
3847
3850
3860
3862
3863
3865
3866
3871
3880
3880
3884
3884
3886
3889
3891
3896
3904
3916
3249
3918
2923
3920
3922
3925
3927
3928
3928
3929
3930
3930
3931
3932
3939
3940
3942
3943
3947
3948
3950
3952
3958
3960
3961
3963
3966
3967
3969
3970
3974
3985
3985
3989
3993
3994
3994
3997
4002
4005
4012
4013
4013
4013
4014
4020
4033
4035
4036
4039
4046
4050
4052
4055
4056
4057
4060
4062
4065
4067
4070
4074
4076
4084
4084
4088
661
4092
4093
2880
4093
4093
4099
4100
4105
4108
4109
4113
4114
4118
4121
4126
4129
4132
4133
4138
4142
4142
4143
4151
4152
4166
4171
4171
4172
4176
4176
4177
4179
4179
4180
4181
4181
4182
4186
4187
4188
4190
4191
4198
4198
4199
4202
4202
4203
4211
4226
4231
4232
4236
4238
4238
4242
4248
4249
4252
4261
4263
4266
4274
4276
4288
4288
4302
4307
4308
4311
4312
4315
4315
4319
4321
4321
4322
4330
4333
4334
4338
4339
4343
4344
4352
4353
4357
4359
4361
4361
4364
4372
4373
4376
4379
4382
4383
4386
4389
4395
4397
4403
4404
4410
4415
4415
4416
4419
4421
4431
4442
4443
4450
4456
4457
4457
4462
4462
4479
4480
2815
4485
4488
4493
4494
4494
4495
4495
4495
4499
4504
4506
4506
4508
4511
4514
4522
4527
4528
4532
4533
4545
4546
4554
4555
4556
4559
4561
4566
4566
4582
4584
4586
4587
4592
4592
4593
4595
4609
4622
4628
4632
4632
4632
4633
3802
4635
4638
4639
4640
4643
4643
4649
4650
4652
4655
4657
4658
4659
4665
4677
4683
4683
4684
4684
4684
4685
4685
4686
4686
4688
4692
4693
4697
4700
4702
4706
4708
4717
4717
4718
4726
4731
4733
4735
4737
4741
4747
4767
4773
4773
4774
4776
4776
4780
4780
4781
4786
4788
4792
4793
4795
4797
4797
4798
4803
4806
4809
4810
4819
4825
4828
4833
4837
329
4841
4842
4842
4843
4845
4848
4849
4850
4855
4855
4856
4858
4859
4863
4865
4868
4868
4870
4871
4871
4871
4873
4879
4882
4884
4886
4888
4889
4891
4892
4892
4892
4892
4893
4894
4895
4895
4896
4896
4903
4903
4908
4919
4929
4930
4932
4933
4939
4940
4940
4944
4947
4950
4951
4952
4955
4958
4960
4960
4961
4962
4965
4970
4972
4975
4976
4978
4979
4983
4984
4987
4988
4992
4994
4998
4999
