7
30
33
40
40
41
43
3894
64
68
71
96
100
101
118
122
128
131
133
134
2476
144
152
198
200
207
213
2513
227
233
239
276
1758
288
310
317
319
323
327
346
357
359
378
380
383
408
433
441
444
451
4929
2258
482
483
517
542
572
575
763
582
584
994
647
649
651
652
669
678
716
722
735
736
737
775
577
768
759
785
788
797
801
806
806
808
812
812
815
824
825
832
837
852
865
869
871
884
885
887
896
904
915
917
919
924
925
941
951
968
971
986
584
1633
997
1012
1012
1016
1024
1030
1036
1038
1051
1057
1057
1059
1059
1062
1066
1067
1076
1099
1108
1124
1141
1144
1146
1150
1168
1168
1209
1226
1258
1258
1261
1279
1284
1333
1337
1343
1344
1354
1359
1371
1400
1408
1411
1425
1431
1439
1456
1472
1476
1478
1495
1957
1505
2415
1516
1528
1543
1546
1557
1561
1593
1602
997
1642
1656
1656
1678
1704
1745
1745
1748
1748
1749
1751
1752
284
1772
1782
1783
1796
1812
1813
2239
1824
4156
1834
1837
1848
4392
1880
1891
1895
1897
1898
1945
1951
1502
1962
1968
1982
1998
2002
2005
2013
2026
2037
2039
2040
2040
2045
2064
2070
2070
2071
2071
2072
2073
2074
2509
2076
2083
2093
2094
2107
2118
2118
2118
2118
2120
2121
2130
2130
2146
2152
2179
2180
2181
2192
2194
2206
2207
2214
2230
2237
2239
1813
2243
2244
2249
479
2266
2261
2270
2280
2289
2295
2298
2355
2358
2373
2375
2377
2398
2398
2403
2406
2409
2411
2413
1507
2430
2441
2449
2473
143
2480
2481
2495
2503
2504
2076
2510
2510
2511
221
2544
2545
2559
2569
2582
2589
2593
2616
2633
2635
2642
4581
2689
2695
2696
2701
2704
2716
2723
2728
2732
2732
2735
2741
3936
2764
2789
2792
2801
2822
2830
2835
2836
2844
2851
2888
2891
2916
2919
2924
2945
2990
2997
3003
3005
3026
3028
3030
3032
4738
3048
3050
3543
3064
3080
3083
3086
3128
3150
3152
3156
4812
3197
3199
3207
3213
3232
3236
3238
3293
3303
3331
3366
3409
3422
3433
3434
3442
3477
3480
3496
3501
3520
3532
3535
3723
3057
3557
4319
3650
3667
3702
3539
3726
3733
3739
3764
3779
3782
3800
3804
3807
3811
3815
3817
3830
3864
3878
3881
3893
63
3897
3908
3913
2752
3939
3948
3954
3969
3979
3982
3986
4031
4035
4062
4068
4072
4081
4083
4091
4105
4105
4120
4149
4154
1827
4158
4179
4209
4232
4256
4258
4263
4269
4280
4295
4301
3583
4361
4362
4371
1862
4408
4421
4438
4446
4453
4571
4494
4496
4500
4530
4530
4563
4456
4572
4574
2647
4590
4592
4596
4602
4610
4617
4627
4633
4635
4636
4663
4664
4691
4698
4699
4705
4737
3048
4744
4756
4765
4796
4798
4812
3172
4827
4869
4882
456
4949
4953
4956
4969
4992
4993
