0
1
5
8
8
9
10
11
13
15
15
15
16
17
17
19
19
20
20
20
25
26
27
27
27
27
29
29
30
35
35
37
37
4990
38
39
40
40
40
40
41
41
41
42
42
44
46
46
47
48
50
51
51
51
51
52
53
55
57
58
60
60
61
61
62
64
64
65
67
69
70
71
71
72
73
73
74
76
76
77
78
79
80
4917
82
82
82
84
85
86
88
88
89
89
89
90
90
91
93
93
94
95
97
97
98
98
99
103
105
106
106
107
107
107
109
110
111
112
112
114
115
115
116
118
119
120
120
122
125
125
125
125
126
128
129
129
130
130
130
130
132
133
136
138
139
141
143
143
144
145
148
149
149
149
150
150
151
152
152
153
153
154
155
155
156
156
157
159
159
159
160
160
161
161
162
164
164
166
166
168
170
171
171
172
172
175
175
177
178
178
179
181
182
185
186
186
187
187
187
188
189
189
195
195
195
200
204
205
206
206
207
211
211
211
213
213
216
216
217
218
223
223
224
224
225
227
227
228
230
231
232
234
234
234
235
236
236
236
237
238
239
239
240
240
242
243
244
244
244
246
247
248
248
250
250
250
251
252
252
253
253
254
254
257
257
258
259
261
261
262
263
265
266
267
267
267
268
268
269
271
271
273
275
282
283
284
285
287
287
288
289
290
290
293
295
296
297
298
298
301
301
303
303
304
305
1038
306
310
310
311
313
313
313
314
314
316
317
321
324
325
327
328
331
332
335
336
338
340
340
340
340
340
341
343
344
345
347
347
347
348
350
352
352
354
354
355
357
361
361
361
362
362
362
363
363
365
365
365
369
369
370
373
374
374
374
377
377
378
379
379
380
380
382
382
384
385
386
386
387
388
388
391
392
392
396
396
398
398
398
400
402
402
402
406
406
407
408
408
411
411
411
412
413
416
416
419
419
420
424
425
425
426
427
427
429
429
430
431
431
431
432
434
435
436
439
439
439
439
442
442
443
443
443
443
445
446
446
446
446
446
447
449
451
451
451
451
451
453
453
455
455
456
456
457
457
459
459
459
460
464
464
464
464
466
467
469
470
472
473
474
475
476
478
480
480
481
481
484
485
485
487
488
488
489
490
490
490
490
492
495
496
497
497
498
498
501
504
505
505
505
508
508
509
510
511
511
512
513
514
515
516
517
519
519
522
522
524
524
525
525
526
527
529
529
530
530
530
531
532
533
533
534
536
538
538
540
540
543
543
545
547
550
550
550
550
552
554
554
554
555
555
555
555
555
1903
557
559
560
561
563
565
567
567
568
569
570
571
572
575
575
575
575
575
575
576
576
577
581
582
583
583
586
587
588
588
588
589
589
591
591
592
593
593
593
594
594
595
595
597
597
598
599
600
601
656
601
605
607
607
607
608
611
611
613
614
614
616
616
616
616
617
618
618
619
620
621
622
624
624
624
625
626
626
626
627
629
629
630
630
631
632
633
634
635
636
637
637
638
638
638
639
639
639
639
640
643
643
645
645
646
647
648
649
650
650
650
653
654
4511
601
658
659
660
660
661
664
664
664
666
667
667
667
668
669
669
671
673
673
674
676
676
676
677
679
679
683
683
686
687
688
690
690
692
693
693
695
695
696
697
698
698
699
699
700
703
703
703
704
705
705
706
707
707
708
2952
712
713
714
714
715
716
718
719
719
720
720
720
720
722
723
723
725
726
726
727
727
728
729
730
730
732
733
734
734
735
738
739
739
739
740
744
744
744
748
751
752
752
752
753
755
757
761
761
762
762
762
763
766
767
767
769
770
770
770
772
774
774
776
778
779
780
781
783
784
784
785
785
788
788
789
790
793
795
795
796
798
799
799
800
800
800
800
800
801
801
802
803
803
804
804
805
806
806
806
807
809
810
811
812
812
815
817
817
817
818
820
822
822
823
824
824
825
825
826
827
827
827
830
830
831
831
831
832
833
834
834
837
838
840
841
842
842
843
843
844
848
849
851
853
853
853
854
854
854
855
855
856
857
857
858
858
859
860
860
861
862
864
866
866
866
866
866
868
869
869
870
870
872
874
874
877
877
877
879
880
880
881
882
883
884
884
884
885
887
887
887
887
888
890
890
890
890
892
893
893
894
895
895
895
897
901
904
906
908
909
910
911
911
913
916
917
917
918
919
920
922
922
922
922
924
924
924
926
928
929
932
932
933
935
935
937
938
939
941
943
943
944
944
944
945
945
945
946
947
948
948
949
950
951
952
953
953
953
954
954
956
957
959
960
960
963
964
965
965
966
967
967
968
970
974
974
975
979
979
979
981
981
982
983
983
984
985
986
986
987
988
989
989
990
991
993
993
994
994
998
998
999
1000
1002
1002
1003
1005
1005
1006
1006
1006
1006
1006
1007
1007
1007
1008
1010
1010
1011
1012
1013
1015
1015
1015
1016
1018
1018
1019
1021
1027
1029
1030
1031
1032
1032
1032
1032
1033
1034
1036
1037
1037
1038
305
1039
1040
1042
1043
1044
1045
1046
1047
1048
1050
1051
1052
1053
1054
1054
1057
1058
1059
1060
1060
1061
1061
1061
1062
1063
1064
1064
1066
1066
1067
1067
1068
1069
1069
1069
1071
1071
1076
1076
1079
1079
1080
1080
1085
1086
1087
1088
1089
1092
1093
1094
1095
1095
1096
1099
1100
1100
1103
1103
2322
1106
1107
1109
1109
1111
1111
1112
1115
1115
1115
1118
1119
1121
1121
1122
1122
1123
1123
1123
1124
1125
1127
1129
1129
1130
1131
1135
1136
1136
1137
1138
1138
1138
1139
1141
1142
1142
1143
1143
1144
1146
1147
1148
1148
1149
1150
1150
1150
1150
1151
1152
1153
1154
1156
1158
1160
1163
1164
1164
1166
1167
1168
1170
1171
1171
1172
1173
1174
1175
1176
1176
1176
1177
1178
1179
1179
1180
1181
1183
1184
1184
1184
1186
1188
1188
1189
1193
1193
1194
1194
1197
1197
1198
1198
1199
1200
1201
1202
1202
1204
1205
1207
1207
1208
1208
1209
1209
1210
1210
1212
1214
1215
1218
1218
1219
1221
1222
1222
1222
1222
1224
1225
1227
1227
1227
1230
1231
1231
1233
1234
1235
1235
1237
1237
1237
1239
1240
1241
1242
1242
1242
1243
1243
1244
1244
1244
1245
1245
1246
1247
1247
1247
1249
1249
1250
1251
1252
1252
1252
1254
1254
1255
1255
1257
1257
1258
1258
1259
1259
4865
1261
1262
1262
1263
1265
1267
1267
1269
1270
1271
1273
1274
1276
1276
1277
1277
1278
1278
1278
1280
1280
1281
1282
1283
1284
1288
1288
1289
1289
1289
1289
1289
1293
1293
1293
1294
1295
1295
1296
1296
1296
1296
1297
1297
1297
1299
1299
1300
1300
1301
1302
1302
1303
1304
1305
1306
1308
1311
1313
1314
1315
1316
1318
1319
1320
1321
1323
1323
1323
1325
1326
1326
1329
1329
1330
1330
1332
1333
1333
1333
1334
1335
1335
1336
1337
1338
1339
1341
1341
1341
1341
1342
1342
1342
1343
1344
1344
1345
1345
1347
1350
1351
1352
1352
1353
1353
1354
1355
1356
1359
1360
1360
1361
1361
1361
1361
1361
1362
1362
1363
1365
1365
1365
1365
1366
1367
1368
1369
1370
1370
1372
1374
1374
1375
1375
1376
1377
1383
1385
1387
1388
1389
1389
1389
1392
1392
1393
1394
1395
1396
1398
1399
1399
1399
1401
1402
1403
1403
1403
1404
1405
1407
1408
1408
1408
1409
1410
1411
1412
1414
1415
1417
1417
1418
1418
1418
1418
1419
1420
1422
1423
1424
1425
1426
1426
1430
1431
1432
1434
1434
1436
1436
1437
1438
1438
1440
1441
1443
1445
1446
1446
1447
1447
1449
1449
1449
1451
1452
1453
1453
1453
1454
1455
1456
1457
1458
1461
1465
1465
1466
1467
1467
1468
1473
1474
1474
1477
1478
1479
1479
1480
1481
1481
1482
1483
1483
1484
1484
1485
1485
1485
1485
1486
1487
1488
1489
1491
1491
1492
1493
1495
1495
1495
1496
1497
1500
1500
1500
1504
1504
1506
1506
1506
1506
1509
1509
1511
1511
1513
1513
1513
1513
1514
1515
1516
1516
1518
1518
1518
1518
1521
1524
1527
1528
1529
1529
1529
1529
1530
1530
1534
1535
1535
1535
1537
1537
1541
1542
1542
1545
1546
1547
1547
1547
1547
1548
1549
1549
1549
1550
1551
1551
1553
1555
1555
1556
1556
1556
1558
1558
1558
1559
1559
1560
1560
1560
1561
2626
1561
1562
1565
1565
1567
1570
1570
1574
1576
1577
1577
1578
1579
1579
1580
1581
1584
1584
1585
1588
1589
1590
1591
1591
1594
1594
1595
1596
1596
1597
1598
1598
1599
1599
1599
1600
1601
1602
1602
1603
1603
1603
1604
1604
1604
1605
1608
1609
1609
1610
1611
1611
1613
1613
1614
1615
1616
1617
1619
1619
1620
1620
1622
1624
1625
1625
1626
1626
1627
1627
1628
2459
1631
1632
1632
1634
1634
1634
1635
1636
1636
1637
1638
1640
1642
1642
1643
1644
1644
1647
1648
1648
1650
1653
1653
1653
1654
1656
1657
1658
1659
1659
1659
1660
1660
1660
1664
1665
1666
1669
1670
1670
1672
1677
1678
1680
1680
1680
1685
1686
1686
1689
1690
1691
1692
1694
1694
1696
1698
2437
1700
1700
1701
1701
1703
1704
1706
1706
1706
1708
1708
1709
1712
1713
1713
1717
1718
1719
1720
1720
1720
1721
1721
1723
1724
1725
1726
1732
1734
1734
1738
1739
1739
1739
1739
1740
1740
1741
1742
1744
1745
1745
1747
1750
1751
1751
1751
1752
1752
1753
1756
1757
1757
1759
1761
1762
1763
1763
1763
1767
1767
1768
1769
1771
1771
1772
1773
1774
1775
1775
1776
1776
2263
1777
1777
1778
1778
1778
1780
1781
1783
1784
1785
1789
1789
1789
1789
1791
1792
1792
1793
1794
1794
1794
1795
1795
1798
1798
1799
1802
1802
1803
1804
1805
1806
1806
1807
1807
1808
1809
1810
1810
1811
1811
1812
1813
1814
1814
1814
1815
1817
1818
1818
1818
1821
1822
1823
1826
1829
1829
1831
1831
1832
1832
1832
1834
1836
1836
1836
1838
1838
1840
1843
1843
1844
1845
1846
1848
1849
1849
1851
1851
1851
1853
1854
1854
1855
1857
1857
1858
1859
1860
1860
1862
1865
1865
1865
1865
1866
1866
1869
1870
1870
1870
1872
1872
1873
1873
1873
1874
1876
1877
1878
1878
1880
1882
1882
1882
1883
1884
1884
1885
1885
1889
1889
1890
1892
1896
1896
1898
1899
1902
555
1903
1905
1905
1905
1906
1907
1909
1910
1914
1915
1915
1916
1917
1917
1918
1919
1919
1920
1921
1922
1922
1923
1924
1924
1924
1925
1926
1927
1927
1928
1929
1930
1931
1932
1932
3793
1932
1935
1937
1939
1939
1940
1940
1941
1941
1941
1942
1942
1944
4510
1947
1948
2146
1949
4070
1950
1950
1951
1952
1954
1954
1955
1955
1956
1956
1957
1957
1959
1959
1960
1960
1960
1960
1965
1965
1967
1967
1967
1968
1968
1971
1971
1971
1971
1973
1973
1973
1973
1974
1974
1975
1975
1977
1978
1979
1979
1982
1983
1983
1983
1983
1985
1989
1992
1993
1994
1995
4108
2000
2000
2001
2001
2005
2005
2006
2007
2008
2009
2010
2012
2012
2012
2012
2013
2014
2015
2016
2017
2017
2017
2018
2018
2020
2021
2022
2022
2023
2023
2025
2026
2027
2027
2029
2029
2031
2033
2034
2034
2035
2036
2038
2039
2039
2040
2041
2042
2043
2043
2044
2045
2046
2047
2048
2048
2049
2051
2057
2058
2060
2061
2061
2062
2065
2067
2069
2070
2071
2072
2073
2074
2074
2075
2077
2078
2078
3353
2078
2083
2084
2084
2085
2085
2087
2087
2093
2093
2095
2097
2099
2100
2101
2103
2103
2104
2106
2107
2108
2109
2110
2111
2112
2113
2114
2115
2115
2117
2117
2117
2117
2118
2119
2121
2121
2121
2122
2122
2123
2123
2124
2124
2124
2125
2126
2128
2129
2131
2132
2133
2134
2134
2134
2135
2135
2135
2136
2137
2137
2138
2139
2142
2144
2144
1948
2147
2148
2149
2149
2149
2151
2152
2152
2154
2155
2156
2159
2161
2164
2164
2166
2167
2168
2168
2168
2170
2170
2171
2171
2172
2173
2177
2178
2178
2179
2180
2181
2181
2181
2181
2183
2183
2185
2186
2187
2188
2189
2192
2192
2193
2196
2198
2549
2199
2200
2200
2202
2202
2203
2203
2205
2205
2206
2206
2206
2206
2207
2207
2209
2210
2212
2215
2216
2217
2217
2218
2220
2221
2223
2223
2225
2226
2226
2226
2227
2227
2231
2231
2234
2234
2234
2236
2236
2237
2238
2240
2241
2242
2242
2243
2244
2244
2245
2248
2249
2253
2253
2254
2254
2255
2255
2255
2256
2258
2258
2259
2260
2261
2261
2261
2261
2261
1777
2263
2263
2263
2264
2264
2265
2266
2266
2267
2267
2267
2268
2268
2270
2271
2271
2273
2273
2273
2274
2275
2276
2276
2278
2278
2278
2280
2280
2280
2281
2281
2282
2282
2282
2283
2284
2285
2285
2287
2287
2288
2292
2292
2293
2293
2294
2297
2298
2299
2301
2304
2305
2305
2308
2309
2310
2310
2310
2310
2314
2315
2316
2839
2319
2319
2320
2320
2321
2321
2322
2322
2322
1105
2323
2323
2324
3637
2327
2329
2330
2330
2330
2331
2331
2332
2335
2335
2335
2336
2337
2337
2340
2340
2341
2342
2342
2342
2343
2343
2344
2344
2344
2346
2347
2348
2349
2349
2351
2351
2351
2352
2353
2353
2354
2356
2357
2359
2362
2362
2363
2363
2363
2366
2366
2367
2368
2369
2369
2371
2373
2374
2375
2375
2376
2376
2376
2377
2378
2379
2379
2381
2385
2385
2386
2388
2389
2391
2391
2391
2391
2392
2395
2396
2397
2397
2399
2399
2400
2401
2402
2402
2403
2403
2403
2404
2404
2404
2407
2408
2408
2408
2409
2409
2411
2411
2411
2413
2415
2417
2418
2419
2420
2421
2421
2427
2427
2427
2428
2428
2429
2429
2430
2431
2431
2432
2435
2436
2436
2436
1699
2438
2439
2439
2439
2440
2442
2443
2443
2444
2444
2444
2444
2445
2445
2445
2445
2447
2449
2449
2449
2449
2450
2450
2450
2451
2452
2452
2452
2453
2454
2454
2455
2455
2456
2456
2456
2457
2459
1628
2459
2461
2461
2463
2466
2467
2468
2469
2472
2475
2476
2476
2478
2478
2479
2480
2480
2481
2483
2485
2486
2488
2490
2490
2491
2491
2493
2496
2499
2499
2500
2502
2503
2505
2507
2507
2508
2509
2510
2511
2511
2512
2512
2512
2513
2513
2513
2514
2515
2515
2517
2518
2519
2520
2522
2522
2524
2524
2524
2525
2527
2532
2533
2533
2533
2533
2534
2535
2536
2536
2536
2537
2540
2541
2542
2542
2542
2545
2546
2548
2549
2199
2549
2549
2550
2551
2553
2554
2556
2557
2558
2558
2558
2559
2560
2560
2560
2561
2564
2565
2566
2566
2566
2567
2568
2568
2568
2568
2570
2571
2573
2576
2577
2578
2579
2579
2583
2585
2586
2587
2589
2590
2590
2590
2592
2593
2594
2598
2599
2599
2599
2599
2600
2600
2601
2603
2603
2603
2606
2606
2606
2607
2607
2611
2611
2613
2616
2616
2617
2617
2618
2620
2621
2621
2622
2625
2625
1561
2628
2629
2629
2629
2631
2631
2631
2631
2632
2633
2634
2634
2638
2638
2639
2639
2639
2640
2640
2641
2641
2643
2646
2646
2646
2646
2646
2651
2653
2654
2656
2657
2657
2658
2659
2660
2660
2660
2661
2661
2664
2665
2665
2666
2667
2667
2668
2668
2669
2670
2670
2670
2672
2673
2674
2674
2675
2677
2678
2679
2680
2682
2683
2684
2684
2684
2685
2686
2686
2689
2689
2690
2690
2691
2691
2692
2692
2692
2693
2694
2695
2696
2696
2696
2696
2696
2697
2699
2699
2701
2702
2702
2702
2703
2704
2706
2709
2711
2711
2711
2712
2712
2713
2714
2716
2716
2718
2718
2719
2720
2721
2722
2722
2723
2723
2723
2724
2726
2727
2728
2729
2730
2730
2732
2733
2733
2733
2733
2734
2734
2735
2736
2738
2739
2742
2743
2744
2744
2745
2749
2749
2749
2750
2752
2752
2754
2754
2754
2755
2756
2756
2757
2759
2760
2761
2762
2762
2762
2762
2763
2763
2764
2764
2764
2768
2769
2769
2771
2772
2773
2778
2778
2784
2784
2784
2785
2785
2788
2788
2791
2791
2792
2794
2794
2797
2797
2798
2798
2800
2801
2801
2802
2803
2803
2803
2806
2806
2808
2810
2811
2812
2817
2817
2817
2817
2818
2819
2821
2821
2821
2821
2822
2822
2823
2823
2823
2824
2824
2826
2826
2826
2826
2827
2829
2830
2831
2832
2833
2833
2835
2836
2836
2837
2837
2837
2839
2319
2840
2841
2842
2843
2843
2843
2844
2844
2845
2850
2852
2863
2864
2865
2865
2869
2875
2875
2878
2880
2881
2882
2882
2883
2884
2884
2886
2887
2888
2891
2894
2894
2896
2896
2899
2899
2901
2901
2903
2904
2905
2905
2905
2909
2911
2912
2912
2913
2913
2914
2916
2917
2918
2918
2918
2919
2920
2921
2921
2922
2922
2923
2925
2927
2929
2929
2929
2931
2931
2931
2932
2932
2933
2933
2934
2936
2938
2939
2939
2941
2942
2942
2943
2943
2943
2944
2947
2948
2949
2950
2951
2952
710
2952
2953
2956
2956
2956
2957
2957
2958
2958
2959
2960
2960
2961
2962
2965
2966
2966
2966
2973
2974
2975
2976
2976
2978
2978
2980
2980
2980
2982
2985
2985
2986
2986
2987
2987
2987
2988
2990
2991
2991
2992
2995
2996
2997
2997
2998
2999
3004
3005
3006
3008
3009
3010
3012
3013
3014
3015
3015
3016
3018
3019
3020
3020
3022
3023
3024
3024
3026
3026
3026
3026
3027
3028
3031
3031
3031
3033
3033
3034
3035
3035
3035
3036
3036
3036
3036
3037
3037
3038
3039
3041
3043
3045
3046
3047
3048
3048
3048
3051
3052
3052
3053
3060
3061
3061
3061
3062
3062
3063
3063
3064
3065
3066
3068
3068
3068
3068
3068
3069
3070
3071
3073
3074
3074
3075
3076
3079
3079
3080
3080
3080
3081
3081
3082
3082
3085
3086
3087
3088
3091
3093
3094
3094
3096
3096
3096
3096
3097
3097
3098
3099
3100
3106
3108
3108
3108
3108
3111
3111
3111
3113
3115
3116
3116
3116
3116
3117
3117
3121
3122
3122
3122
3122
3124
3126
3126
3131
3132
3132
3133
3134
3134
3137
3138
3138
3138
3138
3138
3140
3467
3142
3142
3142
3143
3145
3147
3148
3148
3149
3151
3152
3153
3153
3154
3156
3158
3159
3159
3160
3160
3163
3165
3166
3166
3167
3167
3168
3168
3169
3170
3172
3175
3175
3176
3176
3177
3178
3178
3179
3180
3180
3180
3181
3181
3182
3182
3183
3183
3184
3185
3186
3186
3192
3192
3193
3193
3195
3195
3195
3195
3199
3200
3201
3201
3202
3203
3203
3203
3204
3204
3205
3210
3214
3215
3215
3216
3216
3216
3216
3218
3222
3223
3228
3228
3230
3230
3230
3230
3232
3233
3233
3234
3234
3235
3236
3239
3240
3241
3242
3243
3244
3246
3246
3246
3247
3249
3250
3251
3251
3253
3254
3255
3256
3256
3256
3257
3258
3261
3263
3263
3265
3266
3266
3267
3268
3270
3271
3273
3274
3276
3280
3280
3281
3282
3283
3284
3284
3284
3285
3285
3286
3287
3289
3291
3294
3294
3294
3294
3295
3297
3297
3299
3301
3302
3303
3303
3306
3308
3308
3310
3313
3314
3315
3316
3317
3317
3318
3319
3320
3321
3322
3322
3323
3327
3330
3330
3334
3334
3336
3339
3340
3341
3342
3342
3344
3345
3347
3348
3348
3349
3353
2078
3354
3355
3357
3357
3357
3358
3359
3359
3363
3363
3366
3368
3369
3370
3370
3371
3376
3380
3380
3384
3385
3386
3387
3387
3391
3391
3392
3393
3394
3395
3395
3395
3395
3396
3396
3396
3397
3397
3398
3398
3399
3400
3400
3400
3401
3402
3402
3402
3402
3402
3403
3404
3404
3406
3406
3406
3407
3407
3409
3409
3409
3411
3411
3413
3415
3415
3416
3418
3419
3419
3419
3419
3419
3420
3420
3421
3426
3426
3429
3429
3431
3431
3434
3435
3435
3437
3438
3439
3439
3440
3440
3441
3442
3442
3445
3447
3449
3450
3453
3453
3454
3457
3458
3462
3464
3465
3141
3468
3469
3470
3471
3472
3474
3475
3476
3480
3482
3484
3484
3484
3486
3487
3488
3489
3490
3490
3491
3491
3493
3495
3496
3496
3496
3497
3499
3500
3500
3501
3502
3504
3504
3505
3505
3505
3506
3506
3506
3509
3510
3511
3512
3513
3514
3514
3514
3515
3515
3516
3517
3517
3518
3518
3518
3520
3521
3522
3526
3526
3526
3527
3528
3529
3530
3531
3531
3534
3534
3534
3535
3536
3538
3538
3541
3543
3543
3543
3543
3546
3546
3548
3550
3553
3553
3554
3554
3555
3557
3557
3558
3561
3562
3562
3562
3562
3563
3563
3563
3564
3565
3567
3568
3571
3571
3572
3572
3573
3574
3575
3575
3576
3576
3578
3579
3580
3581
3581
3581
3584
3585
3585
3587
3588
3588
3589
3593
3593
3593
3594
3595
3595
3596
3598
3598
3598
3599
3599
3599
3602
3603
3604
3606
3607
3608
3608
3611
3612
3612
3613
3613
3614
3617
3619
3622
3622
3624
3625
3629
3631
3632
3632
3632
3635
3636
2325
3639
3639
3640
3640
3641
3641
3642
3643
3647
3647
3647
3647
3647
3648
3648
3650
3652
3655
3655
3655
3656
3660
3660
3660
3660
3660
3662
3663
3663
3666
3666
3668
3668
3669
3669
3669
3670
3670
3671
3671
3673
3673
3675
3678
3679
3679
3680
3681
3682
3685
3686
3687
3687
3687
3689
3690
3691
3693
3694
3695
3696
3696
3697
3697
3697
3697
3697
3698
3698
3698
3698
3700
3700
3703
3703
3705
3706
3707
3707
3708
3709
3713
3714
3714
3714
3716
3717
3721
3722
3722
3723
3727
3728
3730
3731
3731
3731
3732
3736
3736
3737
3737
3737
3737
3738
3739
3740
3740
3743
3743
3744
3746
3749
3752
3753
3754
3756
3757
3757
3759
3760
3760
3760
3763
3764
3765
3766
3767
3767
3767
3768
3771
3773
3773
3773
3774
3775
3775
3775
3779
3782
3785
3788
3788
3792
3792
1932
3794
3795
3795
3797
3800
3801
3805
3806
3807
3809
3811
3812
3815
3815
3816
3817
3818
3820
3820
3821
3822
3825
3825
3826
3826
3826
3832
3839
3839
3841
3841
3842
3845
3845
3845
3846
3847
3849
3853
3854
3855
3855
3856
3856
3856
3856
3857
3859
3859
3860
3861
3861
3862
3862
3863
3863
3865
3867
3870
3871
3871
3871
3872
3872
3873
3874
3874
3874
3874
3876
3876
3877
3879
3880
3881
3882
3882
3883
3884
3887
3887
3888
3888
3890
3891
3892
3894
3895
3896
3897
3898
3902
3904
3905
3906
3908
3910
3910
3910
3910
3911
3912
3916
3917
3917
3918
3919
3921
3921
3923
3923
3924
3925
3925
3930
3931
3932
3932
3935
3936
3937
3938
3939
3939
3939
3940
3940
3942
3944
3946
3948
3951
3952
3952
3953
3953
3953
3953
3954
3955
3956
3957
3958
3959
3961
3962
3962
3963
3964
3966
3968
3969
3970
3970
3972
3972
3974
3974
3975
3976
3977
3977
3978
3978
3980
3982
3984
3984
3985
3986
3986
3986
3987
3987
3988
3988
3989
3989
3993
3994
3996
3996
3997
3999
3999
4000
4001
4003
4004
4007
4007
4009
4010
4011
4011
4011
4012
4014
4014
4015
4015
4016
4017
4018
4018
4019
4020
4025
4026
4027
4027
4028
4028
4029
4029
4029
4029
4031
4034
4039
4040
4041
4043
4045
4045
4045
4047
4047
4048
4048
4048
4049
4049
4049
4053
4054
4056
4058
4059
4062
4062
4063
4064
4065
4067
4067
4068
4069
1949
4071
4072
4075
4077
4077
4078
4079
4082
4082
4084
4085
4087
4089
4089
4089
4089
4091
4091
4092
4092
4093
4093
4095
4095
4095
4097
4098
4100
4100
4101
4101
4102
4104
4106
4107
1999
4109
4109
4109
4111
4112
4113
4114
4115
4116
4117
4117
4117
4118
4119
4120
4122
4123
4124
4124
4126
4126
4127
4130
4131
4131
4132
4133
4133
4134
4135
4137
4138
4138
4138
4138
4139
4139
4139
4140
4140
4141
4145
4146
4146
4146
4148
4148
4148
4148
4149
4151
4157
4157
4158
4158
4158
4158
4159
4160
4160
4160
4163
4163
4163
4163
4164
4164
4165
4165
4165
4166
4168
4169
4169
4169
4172
4172
4172
4173
4173
4173
4173
4173
4174
4174
4176
4177
4177
4177
4178
4178
4178
4183
4183
4185
4187
4188
4189
4189
4191
4192
4195
4196
4198
4198
4202
4202
4203
4203
4204
4206
4206
4207
4209
4209
4210
4211
4212
4212
4213
4214
4215
4217
4218
4219
4219
4224
4227
4228
4229
4229
4230
4233
4234
4236
4237
4238
4239
4240
4241
4242
4242
4243
4244
4244
4244
4244
4246
4246
4246
4247
4248
4248
4250
4253
4254
4255
4256
4258
4259
4261
4423
4262
4263
4264
4265
4265
4266
4266
4268
4269
4270
4271
4271
4272
4274
4275
4276
4278
4278
4278
4278
4278
4279
4279
4280
4281
4284
4285
4292
4293
4294
4294
4295
4295
4296
4297
4298
4298
4299
4299
4299
4299
4302
4302
4306
4307
4308
4308
4308
4309
4309
4311
4312
4313
4315
4316
4319
4319
4321
4324
4325
4326
4326
4327
4327
4331
4331
4332
4332
4332
4333
4334
4334
4334
4334
4335
4336
4336
4337
4337
4338
4340
4342
4342
4343
4344
4344
4345
4345
4348
4350
4351
4352
4353
4355
4356
4357
4359
4360
4360
4361
4362
4362
4367
4367
4370
4371
4374
4375
4378
4379
4380
4381
4382
4385
4385
4385
4385
4386
4388
4388
4389
4392
4395
4396
4397
4397
4400
4401
4401
4401
4401
4403
4403
4405
4408
4408
4411
4415
4416
4416
4417
4419
4419
4421
4261
4423
4424
4427
4427
4429
4429
4429
4430
4431
4433
4433
4436
4437
4439
4441
4441
4441
4443
4445
4446
4446
4447
4873
4447
4448
4449
4452
4454
4454
4454
4455
4456
4456
4457
4459
4460
4462
4468
4469
4470
4470
4470
4472
4472
4474
4474
4475
4475
4476
4476
4477
4478
4481
4481
4483
4483
4485
4487
4488
4489
4490
4490
4491
4492
4493
4493
4494
4494
4496
4496
4499
4500
4503
4504
4506
4508
4508
1946
655
4511
4512
4512
4514
4515
4516
4516
4518
4518
4519
4519
4521
4521
4521
4522
4522
4524
4526
4526
4526
4528
4528
4528
4533
4536
4537
4538
4547
4549
4551
4551
4552
4554
4555
4555
4555
4556
4557
4557
4558
4559
4559
4560
4562
4562
4569
4570
4574
4575
4576
4577
4577
4579
4581
4585
4585
4585
4586
4586
4589
4591
4593
4593
4594
4595
4596
4596
4596
4596
4598
4598
4600
4600
4601
4601
4602
4602
4604
4604
4604
4605
4605
4605
4608
4610
4611
4611
4612
4613
4614
4614
4615
4616
4617
4617
4618
4618
4620
4620
4621
4621
4624
4624
4625
4627
4627
4628
4629
4630
4630
4631
4631
4632
4632
4633
4634
4636
4636
4638
4638
4641
4641
4641
4643
4643
4644
4644
4647
4649
4649
4651
4651
4653
4653
4653
4656
4657
4657
4657
4658
4660
4661
4662
4662
4662
4664
4666
4666
4667
4667
4667
4667
4672
4672
4676
4676
4677
4677
4678
4679
4679
4680
4682
4683
4684
4686
4686
4687
4688
4689
4691
4693
4695
4698
4698
4699
4699
4700
4702
4702
4703
4704
4706
4706
4707
4707
4707
4710
4711
4712
4712
4715
4715
4716
4717
4718
4721
4721
4721
4723
4724
4725
4726
4728
4729
4730
4730
4731
4736
4736
4737
4739
4741
4741
4743
4743
4743
4743
4747
4748
4749
4750
4751
4751
4752
4754
4756
4760
4765
4765
4766
4766
4768
4769
4769
4770
4770
4771
4771
4772
4774
4776
4776
4778
4781
4781
4781
4782
4784
4784
4785
4786
4787
4787
4788
4789
4789
4792
4793
4794
4795
4801
4802
4802
4803
4803
4805
4806
4806
4809
4809
4810
4810
4811
4812
4813
4813
4815
4816
4816
4817
4818
4820
4820
4820
4820
4821
4823
4823
4823
4823
4823
4824
4825
4826
4827
4828
4829
4829
4832
4833
4834
4836
4836
4837
4838
4838
4839
4840
4840
4842
4842
4843
4844
4845
4845
4849
4849
4850
4850
4850
4851
4852
4854
4856
4857
4858
4859
4860
4860
4862
4863
4864
4864
4864
1260
4865
4866
4866
4868
4869
4873
4447
4873
4873
4874
4874
4876
4879
4879
4879
4880
4883
4885
4885
4885
4889
4889
4890
4890
4891
4891
4892
4892
4893
4893
4893
4895
4895
4897
4897
4897
4898
4902
4903
4903
4904
4908
4908
4909
4911
4912
4916
4916
4917
4917
81
4917
4918
4918
4919
4920
4920
4921
4922
4922
4923
4924
4926
4931
4932
4933
4935
4935
4937
4938
4939
4939
4939
4940
4940
4941
4943
4943
4944
4946
4946
4946
4947
4947
4948
4949
4953
4956
4956
4962
4963
4965
4966
4968
4969
4970
4972
4972
4975
4976
4977
4978
4980
4983
4984
4984
4985
4985
4985
4986
4986
4987
4987
4987
4988
4988
4988
37
4992
4993
4993
4994
4994
4994
4994
4995
4995
4996
4996
4997
4999
