3708
17
1522
3499
2170
2211
4759
132
395
1621
3191
4066
2153
3592
2380
2460
2440
554
1760
4371
3479
1990
1612
1923
2445
317
3970
1460
1582
4141
804
554
3046
3401
4454
4410
1292
1081
889
583
2307
1179
2298
2587
4277
2434
3139
4633
1601
2590
2681
2163
2807
20
3166
1855
4193
528
3319
336
3244
1496
1336
242
1847
947
3766
1733
1844
2153
501
414
1069
2444
1124
1898
3664
4520
2374
3901
1205
3023
4226
1347
1024
3353
3533
116
2275
3402
2542
1709
1142
3427
442
1132
1793
3661
3018
3516
2248
2188
4810
2475
1864
289
1011
4464
1650
1266
723
1624
2597
3782
3715
4762
3873
1251
345
306
154
43
2591
1988
2545
3007
4332
1722
1657
2786
4986
1855
2264
1257
2328
580
3133
1513
4216
98
1977
2401
3267
130
377
2650
1612
4834
1203
1829
1298
1993
1782
3483
3098
2164
4903
1083
3117
3706
170
3719
3894
37
2365
1672
4934
50
2643
4844
515
971
3032
428
4078
3786
704
4875
901
4105
805
2668
4689
3480
4905
3147
680
3351
304
2351
3669
820
386
3790
950
399
2127
129
2342
4941
3115
3706
597
4906
605
3932
1133
697
763
2633
1014
3009
4576
738
1644
4576
3824
922
1167
4011
475
4283
3996
538
849
22
3274
3702
4069
3333
2095
812
4365
2916
2668
4310
2361
2575
4702
2168
993
2261
2295
2096
4588
782
1125
3825
2798
88
1304
1034
4553
432
2170
1299
1664
832
506
4751
2048
1299
2337
1961
3928
1985
849
1712
1139
3263
3427
3772
2859
2558
376
4270
2552
3088
2690
1275
3177
1390
356
3122
1314
2125
1863
278
655
2634
3198
4549
2863
2356
3508
1418
901
2889
3477
4760
4955
1748
3242
4824
3848
1485
4033
4789
2588
3489
3197
2942
4033
2499
4033
4100
1941
4003
4579
1692
4973
4934
1655
3679
2955
375
2184
3720
2635
3997
3103
1222
395
2092
685
3907
241
3928
1795
4563
3458
4431
3404
4113
999
247
3961
679
26
4017
1886
2957
26
2468
2091
2308
3404
2540
6
1603
4739
2836
4262
4521
4753
1137
659
36
1574
1705
868
1858
1327
2837
833
3814
195
1163
2051
1925
1035
1199
3720
2993
1712
2434
1011
1797
2697
1579
3676
379
4380
4934
172
4363
4965
4034
3132
2036
638
3560
982
2288
1470
4472
1907
2035
1532
934
591
4788
605
1821
82
2223
253
2890
296
2554
3962
1301
3267
255
1983
4444
1032
1642
4840
4248
3135
4163
1785
2931
2239
1590
2636
1186
346
3041
3715
4944
4924
3573
1250
3772
4338
4273
4129
4356
1577
643
2737
3289
4452
4016
3996
2444
722
1839
3362
3554
1302
4945
2625
188
33
3387
2148
4834
2702
2063
935
3274
3540
4936
122
2715
4385
2573
2309
2046
3469
1712
4195
207
4661
4878
122
2481
2873
3321
4154
4272
1632
2181
4555
4859
2899
889
268
3353
1127
839
1177
2394
1374
653
85
2626
2024
988
3088
2570
2734
4832
3155
264
768
329
1626
4488
4799
1810
480
4266
421
1337
1698
1166
4660
726
1900
2454
3373
4839
3449
3475
3650
923
338
3026
814
422
2484
2767
1419
892
4606
2211
3635
1593
259
3635
3027
377
246
2481
1797
451
267
2495
4518
1347
1590
1697
2256
3808
2782
2378
3736
4995
257
4514
986
4978
838
334
4715
900
415
3112
264
3630
1566
945
3301
4981
2065
3404
3257
764
1433
4693
4192
3552
1287
1186
1192
2922
232
4129
4216
2238
1091
2698
4534
3034
1216
3734
336
1520
2620
3344
3254
2903
4882
443
582
4471
356
2068
127
4484
690
1
1850
4333
2586
1034
3661
2165
112
3447
2426
3209
4264
4803
4585
1700
3242
4519
4137
1232
2365
3826
2500
4613
2264
2543
4044
4511
245
1816
2800
3627
1790
3122
4876
1961
2252
2968
3744
4721
3294
1444
1615
1983
839
3060
1562
1825
2563
10
2262
4171
971
3790
732
2696
95
2359
1544
1420
4268
1536
2268
640
4511
2920
1566
902
3392
1492
1119
277
1137
1697
2013
1591
1521
781
2027
225
3084
3381
1767
1826
4934
3013
1813
360
248
1395
2922
3872
1298
3964
4588
2244
1882
2419
504
202
2588
1655
531
26
1026
2477
837
4112
2189
4054
4835
3524
4733
3043
1157
806
4853
2349
4671
1245
3387
1385
3
657
3687
4077
4182
1127
3497
2644
1186
1262
4992
4584
2325
1128
1904
681
3984
2283
596
48
4442
1545
3461
1561
1454
2836
3737
433
530
3798
3431
3227
2753
3456
2354
3466
3308
4785
1668
2706
92
602
1469
1951
1907
2247
3204
3435
1564
3960
4134
4242
3136
2313
4012
2897
1827
1999
2001
1974
3982
1901
861
4745
1430
765
1164
3731
2053
610
803
1950
4615
397
4755
3741
823
783
382
2029
139
1583
3138
4893
3269
4196
1620
1778
1196
262
2470
4462
2987
4240
3876
2921
2200
4504
4156
2553
2800
802
2493
4414
2433
2409
4457
2713
2376
639
453
1910
1020
3248
4280
3567
1098
458
842
1020
4930
1944
4840
1464
2801
4935
5
2205
449
3408
3939
3154
1839
1296
3194
532
2139
1284
896
2707
3773
2225
3154
3759
1430
4402
2177
683
4637
4171
3961
3672
2611
4254
1214
4324
3745
148
4496
3437
776
1871
3832
2073
4985
3997
2083
2664
3774
3487
3495
876
2288
1915
2548
4111
3347
79
3317
1126
271
1607
2046
1941
3041
3984
3872
3235
41
4238
1924
2687
4765
4403
1796
1387
4190
2313
4360
632
2128
1674
1319
2147
256
4822
420
2502
2426
3733
2131
4170
4985
541
4964
499
1466
814
4200
3396
442
3068
2353
4653
2679
2333
2663
1490
933
3388
4016
3422
675
317
3607
296
613
329
113
4861
4075
3405
1620
1862
825
254
3065
2643
4584
4544
3755
3855
4301
4543
