3570
2336
4891
3648
4942
1128
108
4773
36
2696
4404
2216
2592
1774
2814
156
196
3127
406
4374
548
2151
3581
2222
3944
2369
1515
2610
2861
4936
836
315
2766
4543
687
4499
487
3526
179
1895
4371
902
3178
4106
2014
720
1171
4395
3013
4920
3778
544
3676
656
4299
1570
1776
1074
3583
330
1583
3997
3726
1941
1629
1964
870
4684
2689
3060
1906
1551
1895
381
1687
3996
3070
1882
3835
1226
3124
1220
3382
4386
4769
4548
1014
912
2906
2904
4461
1535
119
3984
2198
579
1391
1329
1305
3731
82
705
3322
3910
4224
3404
144
1660
4000
2575
365
4089
1795
3659
2514
278
1122
2365
773
1225
900
3115
2645
1694
3549
617
1749
1326
3348
1404
1647
1398
956
327
1027
2451
4110
2677
328
501
3956
1926
498
3041
3656
3141
2189
60
1478
529
1337
1260
2160
2395
2654
441
1169
4735
3050
892
4396
2463
345
535
582
372
2868
3966
2137
174
1733
3612
4610
254
841
3145
101
3770
2751
1426
2103
49
4569
849
917
1239
4497
1567
3187
2299
1950
3231
2031
208
3566
4757
2376
2177
262
791
1185
1608
3184
1019
3010
4160
412
3313
1425
3921
34
74
4636
4821
4742
2601
2538
3345
277
4097
2331
1621
632
3911
1046
688
1807
1305
2274
4429
2568
1343
270
1427
1760
209
4260
900
632
2466
755
707
891
323
1005
1092
768
203
1385
1143
4819
677
2778
1669
4225
739
4599
2078
1588
2114
4892
938
1019
4045
3472
3350
2797
2294
4377
3386
4799
3371
749
4977
973
4494
1282
232
3966
2351
3489
4106
3971
4189
4614
3227
2496
907
1451
2364
2148
3816
4062
1166
4790
3938
2704
1531
3193
3619
823
3577
4153
3804
734
1312
1414
761
3059
1495
296
4358
4410
4906
140
1137
3216
4966
2087
3847
2659
1032
4287
4435
2832
3627
1626
3300
2708
4928
2561
4151
279
1859
1269
389
4030
3035
2678
4767
2608
3722
3664
4310
844
4950
1222
3255
4873
1216
2579
72
4877
3003
2599
2228
3466
255
518
3261
3830
702
4848
4091
1946
2662
4436
295
629
505
2950
4077
2650
3641
1539
3610
1783
2688
1139
3674
87
2583
2662
3405
363
3005
2162
1842
2444
2570
1260
3261
4244
2517
1716
29
398
4379
1046
3465
51
2281
1974
3189
655
3100
2108
1431
4587
4766
2600
215
812
3636
1200
446
4203
1198
1848
2086
2158
2750
2121
2746
2728
541
1925
3255
2733
4450
3666
924
2416
3428
2749
1294
2776
4066
425
3031
1144
4337
2112
399
1518
758
1696
3876
1551
2549
3786
4766
289
2017
2711
2246
353
909
1420
4753
4725
3202
1736
4775
1212
4978
1532
3976
4381
3093
3954
4745
14
1057
3896
3139
4823
455
63
4686
926
2459
1663
2548
2659
557
582
1136
1558
1262
1009
4665
1368
1085
2106
2130
4456
2235
1674
4284
2287
2387
4800
149
1518
2782
971
4811
326
2117
1853
1644
911
601
1888
560
2078
4832
2925
3265
849
744
3683
2297
4637
897
1797
645
1298
2006
944
4425
828
1509
2475
4436
2110
2175
2911
3181
1842
4722
4489
1830
2924
381
197
3624
3336
4731
1037
4096
3865
4467
2299
2184
188
3327
1940
2361
955
4301
1973
3535
1950
2371
3362
573
543
102
4780
1251
2405
131
1107
637
1748
1711
2813
2958
2675
4725
4694
1869
774
1815
1896
2487
660
4183
1604
3789
476
630
2882
3215
3420
2540
4558
4840
1170
1161
435
644
4262
3099
1180
4536
4463
473
4753
2242
14
2176
2239
3137
2344
3140
2379
3829
143
1625
1200
289
2507
4546
47
1456
3381
4170
1726
1294
4477
4225
1452
3217
3341
2961
4356
8
1517
4049
1520
4314
24
4562
2192
530
4943
297
836
3762
4172
1164
1846
2766
2530
33
1403
3178
4731
2299
3475
2838
4946
4133
4270
2217
4786
4172
4922
4612
654
1329
2947
3944
3827
1716
3250
3922
2771
3879
3682
1766
3035
3970
1534
2667
1088
346
374
766
4581
3784
820
2920
3727
2231
3050
2820
1261
4078
2343
1452
3522
2167
4354
2827
1222
3590
3749
2569
2860
3214
1125
3714
701
793
665
2520
4860
4711
1946
762
955
4441
1650
533
1502
3597
207
2666
3038
2373
2954
4712
762
691
4851
2356
2297
256
1128
734
2842
4134
3326
3477
2584
274
1511
2630
56
1622
1588
3873
4397
1365
3493
212
4550
4817
1950
3556
1214
3873
2732
1353
2452
1999
4041
850
4748
4138
3004
993
414
3974
4773
3552
3853
3405
1519
1611
4019
544
1335
496
4131
2310
1820
341
2519
3441
1047
1449
2259
748
61
1646
2665
2689
850
789
1559
1083
4937
1466
1102
1040
977
1129
3356
4065
10
1930
1389
2981
937
3497
829
2914
1207
1545
121
3525
753
4769
4630
821
3500
1407
4378
3099
1927
4349
2162
3220
1053
3586
3804
2370
2939
3098
1926
3488
4247
520
2406
3100
2242
1595
2683
634
1408
3294
4364
3399
2581
3333
3768
1499
713
301
629
67
2711
635
2437
1101
1195
2632
2478
2045
3218
2739
1305
256
599
3703
2910
2111
2051
4278
1029
814
4044
1143
3928
1821
1834
2188
3791
3079
1774
231
1756
1402
203
678
1944
3166
4305
3356
3918
4577
2631
3562
759
3610
610
38
3805
2724
3724
4123
4187
1686
3686
113
1485
2361
376
2775
805
441
4696
4717
1997
1415
4122
4671
532
1903
4504
2127
2746
1518
250
2705
998
2374
4927
4702
1595
3620
4412
1705
2462
3833
1236
4614
3611
4017
25
692
128
1353
1602
56
122
924
749
3036
1191
455
3319
856
4724
2619
4474
2000
1416
3259
2678
2877
616
2215
3987
1761
4836
2961
2774
1829
1946
2830
1923
4541
2994
1470
4249
3087
3802
2247
1852
2591
3898
2623
1383
1999
2371
1905
1424
3509
3387
2563
3792
829
804
197
1651
3185
4511
2124
2325
4486
962
807
3238
3777
3154
3802
4576
1730
4701
3137
758
1544
2846
719
2271
1324
4342
2137
1011
154
4737
4
1677
2598
2160
222
2090
4571
1669
2267
2481
3626
732
1462
3859
321
807
939
4157
4450
1154
1154
1283
1637
1441
1551
3664
144
2127
2576
4171
86
3041
2119
3844
1071
2514
1449
1016
1439
176
1686
1545
3600
3622
1505
3001
3020
4835
3898
1976
2485
1027
2058
1573
2168
1773
439
3953
3083
2277
3457
2866
82
4019
3332
214
1912
299
4007
702
4003
3110
3796
4694
2073
3138
225
3138
2650
3333
511
3890
3694
3319
881
2489
969
681
1126
2867
3075
1944
1515
78
4917
911
3187
882
4097
4548
2296
1139
3873
3305
4903
1743
1715
2846
1806
4995
4684
1917
2033
3163
3170
1558
1390
922
4494
916
1942
310
3602
3880
2221
4815
2991
2869
3579
2281
4379
1587
4452
1649
2352
4504
893
2685
4584
4148
3008
862
984
1579
3770
1002
2627
3176
3322
3085
3897
2752
1869
3593
3687
3133
2552
4342
169
1565
1525
1555
1124
1650
115
4269
3209
4667
543
1615
2207
4042
3791
1283
3113
831
1680
2184
1016
2366
2917
2917
2257
140
2244
1901
1202
3119
452
2483
1473
4583
4698
2719
2711
3960
4356
369
3835
3737
2749
3342
4961
4594
2850
58
2324
4633
4612
4429
3905
2222
2919
376
1815
712
3986
4593
4028
2855
905
3549
3857
3723
2584
4430
825
1645
4824
4037
4086
876
3758
4010
1533
3467
386
2009
1803
4394
3230
2863
4639
369
2576
1982
2274
4620
3673
134
1124
3651
2095
645
1201
1
4791
2751
2700
664
4599
921
2979
1155
4940
4938
1155
3925
335
1291
3893
736
1621
2257
4337
3335
4335
2513
2498
696
231
467
4227
2420
941
2898
4848
4186
1585
3387
4415
4275
1033
4923
1992
2167
549
2622
3604
1527
905
2006
2866
732
691
2017
736
4409
4918
4998
1047
4220
478
3337
3919
1675
1404
2693
2534
188
580
2217
4827
1869
214
3742
1767
182
4426
4896
1967
203
3504
2051
2691
3975
4230
1192
1578
781
4779
1263
2874
224
812
4967
3562
3990
644
1205
1691
3904
3978
1994
567
134
4197
560
4336
2921
3299
2533
2644
4480
1043
3649
2031
431
1151
1237
689
1405
3111
4156
394
2420
521
686
2596
311
4557
2867
1680
983
2401
109
4883
4126
2080
2889
1962
2856
1248
952
2579
1183
707
3976
942
2590
3254
1016
4669
4671
3377
2549
2952
969
1247
462
2699
3876
1079
3670
1020
216
521
4131
1031
1197
3389
963
3837
1139
776
207
2029
2734
2880
1770
1409
1618
4155
1803
1196
197
4475
1337
4050
781
2516
4974
4937
1295
1345
96
695
2914
4204
1268
3348
4836
2461
3803
545
3139
2901
530
1793
4390
2218
4021
647
3437
357
3972
1264
1502
107
904
4658
2682
1210
703
3149
2007
2997
4646
850
4071
1128
3367
3945
3057
1831
4228
135
3438
365
1258
983
2543
2113
4281
4496
2109
4022
3075
3640
2706
2178
963
4368
14
4327
376
3952
516
2409
3618
787
126
1863
4685
1015
13
541
3307
2582
3070
2193
1903
2024
2577
1925
3823
1261
1988
4124
4841
3173
4688
4096
1714
3002
2035
3988
290
2809
1926
230
4332
45
2270
4327
4117
3292
2688
3597
371
1486
49
833
1616
651
1549
285
2711
637
569
296
1334
2486
2234
773
2148
4546
4983
200
2453
2960
1940
307
4595
2317
377
1561
200
594
2595
3049
4074
1216
3841
3316
1958
2609
1041
4562
336
2552
2868
3986
329
3051
2959
321
2282
2679
1548
2021
2976
958
3560
762
3776
4925
3534
2260
1645
2745
2916
1911
3024
4763
3125
4564
1360
256
3775
860
506
3326
2045
65
3706
1348
4007
3427
2619
4706
1401
2465
379
1665
921
3449
2267
3188
45
4170
4037
647
1365
4167
158
4815
260
4615
3967
962
4765
1787
2431
3976
3780
2991
755
4938
4194
676
2992
930
125
3597
3359
3260
456
1193
3715
1587
2430
3457
3136
3518
1253
3075
1668
3220
128
326
2490
3175
4629
3150
1964
2445
2433
106
937
1924
1329
2460
3720
3047
826
369
2484
3924
1963
3858
2792
1529
4657
3642
3805
3886
3723
3393
4769
1523
752
2513
2586
885
4582
567
4828
3070
4348
3339
2823
1491
4890
2371
1148
4682
287
621
2961
3459
307
1740
195
3582
4911
2829
1620
4285
2753
3083
2702
963
444
3271
4551
1398
368
2852
2229
3185
4549
2506
155
598
3886
3273
2644
1922
4508
1777
175
4440
416
4943
3180
3010
590
2546
727
3869
686
4375
1962
1941
2892
354
3320
329
2170
2558
4167
3752
45
311
1853
4517
693
4533
2135
4479
3705
4148
1381
4987
1123
1770
3954
4774
543
3905
3747
1797
4930
3238
606
1784
4304
1632
4005
1071
1398
4277
1131
3195
2058
1809
406
1832
4984
953
1270
2297
1774
3167
1244
1533
786
4262
1822
225
2834
3137
2411
3310
2957
2143
2178
1980
2336
98
3592
327
1131
264
2401
1329
493
3873
4014
4440
333
2139
488
1713
2363
3850
4604
1589
1135
3731
1040
947
2512
1595
3085
1423
2839
1764
1245
2017
1093
3328
1470
881
3977
353
3816
434
2239
2336
3284
4244
4846
900
1790
3758
3337
4637
2636
443
1192
2457
727
4381
3303
2983
2313
3000
3784
2579
1703
4472
1661
4554
1674
3829
912
2574
1169
4718
3398
2075
161
4764
4457
4315
2127
4160
3470
784
4997
1696
3351
1992
4419
3734
921
1661
1280
2681
3992
501
2401
2688
1577
1591
642
2508
744
928
4579
4782
1524
3629
2300
2297
1240
434
548
2808
3523
2666
2678
2259
2834
2087
3285
302
4757
1573
3042
3419
3335
714
3747
3098
2057
2913
4454
1869
2346
4223
2423
1457
616
2117
1462
1449
2330
3807
3820
3749
4009
4084
1312
1820
2699
1768
677
1150
3954
4014
1366
3709
1213
2138
2172
2900
1838
4342
3831
2409
724
3931
1868
1967
4425
2778
2350
4607
2159
2723
272
1264
814
2886
2242
1148
1601
3793
4274
1965
3570
3705
3588
3127
395
196
2365
688
566
1287
2437
2398
2647
4099
2803
3232
385
4277
1005
3000
1294
1974
3720
3255
2884
4808
917
2090
492
4659
2245
2595
1180
4951
2758
1258
1479
1282
2806
1446
4875
4812
3039
3958
1556
1440
4444
4101
2911
1558
4179
638
369
2320
2307
2860
2305
1242
192
1502
4228
2365
4317
3656
2504
1637
3794
2069
130
3290
2998
388
612
3332
814
4217
2649
4707
4262
349
2331
757
495
4840
3383
3793
4130
1838
3151
395
2564
2320
4425
3649
707
3853
3550
3846
1256
1233
381
621
701
4660
2840
3153
577
4149
2264
1386
753
4681
3725
4826
2682
1239
1096
160
1612
2182
941
3365
169
257
1067
1213
3190
4353
3470
705
4881
3804
1327
1411
2468
565
2537
161
2321
2508
1799
4933
3439
1728
1389
2372
4715
3778
3708
1158
2666
2275
947
4134
3086
4872
2506
2570
4031
1021
3400
1997
1276
2616
2663
4763
339
3568
3198
3133
141
1358
3256
3078
93
3050
1067
1588
1371
1409
412
3027
4532
197
1584
735
500
3502
1622
2896
4286
1648
3692
2091
4458
1044
4151
1287
681
4364
1999
965
1614
1073
930
4515
2286
2135
4951
786
369
2468
1534
1279
4401
957
1022
159
4002
1793
2431
4407
1034
418
3914
1547
3083
3545
1150
3629
351
41
332
4904
116
2575
3020
2213
376
4936
2217
1702
4606
1996
2467
1858
3793
4258
4412
1216
2593
3707
1246
287
4612
1211
2314
4437
982
118
1851
4870
2228
2383
1573
3552
1966
2327
2256
108
2443
3796
722
2352
3313
2184
1971
515
4717
1196
586
64
4912
980
2745
2991
1915
3140
4661
1024
3860
1307
2816
1826
2985
2335
2242
1699
3660
3410
4733
3640
896
2988
840
1407
899
2464
3871
3971
2973
331
2056
3521
2008
4194
4441
3712
2560
1172
2633
1158
4828
3201
132
1121
4782
536
1915
2650
3032
3375
1611
4217
3631
1478
3324
3197
1948
1117
2053
2147
384
4384
3855
753
4568
1711
1143
1843
3258
2739
4359
341
4407
3502
3255
2578
4106
4555
544
901
3623
3622
1882
2518
2335
2396
1983
3864
147
1430
3775
4768
2567
770
2461
512
689
2435
3793
1045
2906
4434
488
894
2221
4389
2241
1990
165
1655
601
1068
852
1095
674
193
1953
4102
999
2441
2129
539
1891
4765
89
1065
267
2744
339
4116
3401
4257
2496
3080
2578
3025
3605
4651
2210
2190
3728
492
3239
1814
4237
3819
2643
3160
1220
810
4310
2543
861
1125
3787
1569
3383
1542
4953
1439
1429
2284
3806
2614
1275
1357
4175
4830
2999
858
1115
1975
1051
4418
3824
2997
1778
4825
813
1076
4897
1970
67
1212
2256
875
2982
3347
601
2632
2344
3479
3208
243
2215
987
1747
4946
2502
3988
2252
2889
274
3884
2717
1482
4174
4055
580
994
505
1796
3231
1189
2869
70
2401
4629
3060
2540
918
2231
3014
3630
3403
679
2598
1289
2442
3150
2302
3300
3388
3936
536
1956
2031
3891
3623
1781
4619
1980
3709
218
3567
1772
3766
863
953
3932
3204
2020
70
2396
3989
4013
3311
2986
3362
3632
677
4969
1465
3990
2534
2736
1654
1734
3321
781
1885
3623
3582
3521
3642
2204
433
3414
1325
453
3280
1942
432
2235
1515
1574
3739
4099
2172
3707
1907
4632
2031
1868
398
3562
995
1336
2906
4731
241
3753
1190
1612
1262
4129
193
2891
452
1043
1722
824
1621
4598
1823
1296
266
1213
2722
3482
3865
1627
1769
2408
3637
3933
421
2944
4715
4560
1941
3963
4170
798
2452
670
1626
3394
544
615
737
3212
1957
1314
3393
1145
593
1589
2366
4154
73
176
1910
3841
2084
1049
2586
1487
2606
415
2045
3849
4240
1182
3042
4604
3566
835
2747
1454
249
216
4423
3703
4406
1377
115
1913
1718
2000
4876
164
4680
710
2236
1293
1516
3916
3060
3471
3937
4377
977
2882
882
4644
2514
2019
1644
3964
2872
1221
4387
805
671
2695
3965
1127
3484
2237
1847
2386
351
3707
1879
3340
3179
4935
4865
2567
1964
4063
3918
580
4144
1955
242
3572
337
4588
2477
3105
426
4989
4173
2464
2432
2289
3674
2490
2603
1301
4386
4643
2901
640
2917
370
4946
4032
1996
3370
529
1598
2965
433
1586
837
1298
4231
1984
3550
1075
889
705
4528
3657
1239
3683
4823
1861
282
3449
3834
1648
3331
4894
2049
2100
4224
154
1159
3371
3127
2707
3572
3479
4928
750
1447
4161
3317
1718
1538
4429
2302
876
2685
1950
2987
1119
1256
4999
2209
4406
4571
2706
585
260
417
1339
2981
3826
4972
2287
140
4012
2714
2074
176
3725
177
703
4566
2060
1415
3748
2446
1051
3389
3764
3996
1301
2244
2078
2790
4033
2633
534
1206
2876
2917
67
4306
627
4136
4337
1987
441
2607
4047
2411
2238
35
1164
2682
2089
1901
1150
2082
3216
3343
1643
4826
205
3140
235
2200
2226
1610
3173
4802
3720
1423
4698
983
397
1162
1783
4442
2325
2068
2215
215
426
4038
1384
3872
1374
2484
1276
1554
1760
331
3731
2004
1438
687
1895
736
2362
4480
1496
1949
4256
1430
2025
916
4311
3570
883
2554
4942
4071
4768
597
4832
1281
35
314
1043
741
4678
3558
718
2145
3236
1331
3561
1861
2624
1046
4153
4227
1438
4191
4204
898
1896
4897
1490
2729
1795
2874
668
4058
2956
4613
1105
4173
3621
3454
4943
2247
3892
1445
1528
3194
1198
2343
3925
2263
2744
3666
4718
2145
2302
112
2611
252
2304
1069
1229
2782
4745
2388
1832
1093
3401
1742
605
665
3710
709
1251
1738
3439
3153
3038
2893
2025
2776
907
4956
1253
947
1354
76
1226
3727
1245
1307
3223
2161
1392
3953
20
654
2858
4470
249
514
1563
1485
2470
1535
862
343
3749
4504
3201
4507
2422
174
3906
4932
1905
899
461
3707
3177
1093
3435
39
1615
2093
557
2011
1276
4897
889
2111
1323
647
1316
1209
438
3051
1769
2189
2240
1443
681
3538
227
280
3347
4112
2131
2184
4150
967
3187
4770
2997
4889
2582
3833
1938
499
2232
4381
4630
2167
1431
1446
679
4958
2676
2187
1915
28
3310
2266
1013
2108
577
344
678
3575
811
1979
869
3631
2423
2750
2538
1224
4286
3237
623
4577
4978
2106
504
1951
4061
1799
1805
3395
386
1837
805
4077
41
3156
3838
113
1441
4116
1138
1865
1577
4188
4243
1787
3815
2296
1227
3572
2493
4048
1877
1645
1129
2039
2032
702
4684
1786
2021
496
4830
1402
1199
3175
1960
2115
4507
2991
1385
3549
2688
1686
1741
1762
304
3299
1962
2714
415
1158
1029
2364
604
184
3437
2422
454
1820
222
3302
3296
782
106
3481
4648
1930
1114
3333
245
2800
2347
2635
2615
2671
599
543
1955
4344
993
3202
4087
133
4629
1631
3579
2521
2486
229
3033
3937
4578
3365
2238
4852
908
2716
961
3039
2697
2819
2915
3300
789
4101
3696
3611
1127
1489
2277
4409
634
537
3410
809
1709
3186
3290
457
3925
3405
3593
1542
337
4109
630
1082
1998
2482
3737
2197
4420
1701
1790
401
1545
3877
266
3531
3285
681
1221
1295
1214
2463
3881
3731
973
717
795
2406
4000
4166
1447
4890
4833
2791
2129
1161
1503
2122
2601
3724
4907
3994
1318
25
2278
4929
2150
2846
3481
3783
1684
3345
893
2691
1484
297
2037
3567
2860
4563
1792
695
2467
94
1315
4554
2798
88
4846
253
2664
4940
1998
1068
2282
867
1252
1194
195
3900
2875
4882
130
4447
128
1439
994
2142
965
2897
3125
4197
4214
450
244
728
2247
1360
3342
1175
821
3691
599
1254
1053
2177
1178
1008
1259
3112
4578
1501
3004
2652
4270
1801
509
425
980
55
3573
2756
4871
1358
1008
4085
2699
4530
2614
1359
4640
3278
1051
4059
1333
3841
2808
1162
3608
2999
1763
4858
427
4082
3458
883
2616
3688
1461
2874
2729
4526
2125
4542
1553
4941
287
4297
3239
3932
542
3985
4445
798
4992
647
819
2502
520
1983
345
1008
1756
4346
1661
2538
1975
720
2162
1163
2473
210
1858
202
2565
3079
1268
3314
2460
4750
4065
1060
3913
4860
148
1446
2164
4781
1569
1731
1123
2024
1272
1979
830
990
3761
2461
1041
1195
4001
826
864
3129
4470
1427
589
2241
1216
1998
1302
75
3401
4436
4285
4192
4318
4015
456
4294
1046
722
3538
4948
4747
3401
3641
2943
2694
3604
1826
1460
1640
894
2321
1062
462
1706
574
3787
2076
1520
2884
1946
4958
2276
204
4543
1395
71
586
218
3811
59
901
613
2698
1609
981
2093
3221
4878
4712
3019
3221
1285
4830
4947
753
2006
1646
132
865
184
1648
3001
1777
4722
4429
4127
3762
1729
3339
2857
4375
21
2261
3457
4998
180
3706
1832
3357
2659
2069
263
2064
1842
4742
1686
2288
1919
1079
2741
2006
2910
2633
4617
2385
1616
3399
2978
140
4946
99
1251
2115
3352
4184
273
3391
4304
2737
2055
4911
251
4944
4937
594
4106
1241
4688
2499
1270
1431
4270
2332
2395
407
4674
4102
4189
2772
2318
2192
692
83
3175
822
1420
1920
3509
4796
1952
1824
859
2947
4583
4137
1137
1946
1239
3574
3865
3145
4042
1176
1422
1083
4110
674
4788
4738
3906
723
4652
1223
1014
3105
142
4153
825
4932
196
3006
1633
3624
3380
3552
3351
1360
847
2826
4176
1591
96
1475
1147
3000
4327
2138
2376
4738
310
1427
3622
804
907
408
1272
1815
704
1252
1792
4131
256
4220
709
4786
722
1607
105
3077
3938
3415
4934
739
3535
760
426
1577
4927
1249
4288
663
866
4025
3121
1319
2133
868
2371
3923
3309
2286
2545
2415
3191
4815
1547
861
4957
3015
863
4432
2100
235
3304
3763
2532
833
4414
2490
3591
4881
790
3185
1510
1717
4652
2556
3960
59
758
2743
4516
2911
4394
4127
4698
2502
2595
2464
197
4169
3568
2553
2675
2750
158
2309
248
4246
2039
1611
2503
3066
66
1568
4875
1407
4085
715
2141
3916
3961
4417
3015
3649
4421
595
3985
706
77
813
1521
3020
3092
1016
2592
4528
1912
2018
2507
110
2462
188
1735
1547
1917
3444
4025
1558
294
1748
3084
1943
4516
3459
68
2201
1097
4059
4219
1955
4066
1651
514
777
1236
2613
2203
4312
527
2970
2172
793
4001
1989
1479
709
1150
1509
759
1123
3007
3055
2781
1589
1576
3908
140
66
2055
1511
386
1720
2410
2394
4728
2439
1727
1584
908
3254
4042
4238
845
2456
1371
2230
2046
39
1422
1292
1151
3381
2183
717
112
2710
2069
940
1967
834
2390
4159
356
1809
1267
2217
3219
3496
2454
4154
1530
1611
505
3796
1628
4515
1745
4807
3869
1970
3627
4455
2775
4333
1942
564
772
4266
697
4795
2485
2513
1358
4123
4354
4743
111
4202
1547
993
1535
761
1478
351
4581
1917
826
2409
1997
1136
1964
3574
3047
4424
1408
1538
1100
2646
1650
3159
3782
3545
2901
2440
2911
3275
492
2146
1189
956
1775
236
716
2759
3281
4545
3709
4474
1783
371
390
3545
2003
3794
2202
3525
4866
3045
2634
2921
3682
400
4883
3094
3161
1743
162
2703
1466
3050
598
3455
1401
2553
4205
1250
2352
1674
3105
170
1043
3120
2652
3579
2010
4518
2458
1384
1396
3461
3679
2103
3996
2707
4176
482
4711
2037
3150
4944
627
3894
4440
2740
2727
295
368
3788
3694
3857
1834
3308
2189
4705
904
4764
128
3972
729
3224
1288
652
4371
2350
1000
369
1846
1741
4968
3731
4379
1212
913
1294
2669
3217
1257
4607
2271
2675
730
623
4503
1026
4239
1894
4729
2077
4622
3857
3934
4332
796
735
703
40
4293
1617
1388
2343
2851
3256
514
245
3146
435
781
1591
4537
4353
4906
593
3163
1675
1264
523
1015
2478
2871
4711
1108
4448
1146
1134
449
4160
1129
2996
3060
4859
2379
4521
3786
2533
4610
4457
3271
4981
2047
702
2774
492
2423
2741
4658
3054
582
4599
1774
1345
3771
536
3090
1727
372
2349
1743
1327
1036
3793
1606
4841
2169
1105
4163
2809
2723
2714
4584
2699
3051
2919
3751
1704
1440
1303
159
1512
4231
1654
580
2801
28
4946
3656
3014
4540
4529
2678
1963
2733
385
1584
4248
1424
1065
4647
3589
4534
862
500
1533
1993
1744
3453
462
4964
3839
3570
2904
1766
151
4160
3779
3938
1476
4317
1342
1050
2594
4453
4053
462
1547
2541
2643
4656
127
4102
4865
4418
3431
4557
3533
3778
2979
1600
262
3468
965
75
494
3816
1389
4051
634
1958
1181
3403
1615
1151
992
846
3837
390
3663
4140
4760
847
2925
3432
3188
1447
2468
409
1457
461
790
1648
623
3815
1441
1049
2724
1559
2797
4990
2348
239
3799
4360
608
3866
843
527
1346
3382
2869
3396
2207
599
1385
4509
1134
1086
933
1833
4401
3570
2179
1860
2090
2565
1011
1917
4904
2250
3568
983
2321
4629
3281
1293
273
4300
2795
4745
404
1692
53
214
1233
56
269
172
4537
1798
1001
2725
4406
1249
1441
398
694
3742
4635
3759
1986
921
1798
2007
3818
2368
2795
2890
4972
332
2560
2948
324
43
4248
4082
1030
904
2704
3071
3018
135
1298
1564
384
1651
4007
2996
2332
2763
3721
7
4099
3149
2879
4541
2823
393
1957
726
3702
3690
4755
551
1442
80
1468
144
2661
3145
4114
3516
4460
649
2967
2488
3654
1776
375
823
2316
1971
1661
2517
3242
3357
36
1571
1879
335
4599
962
2338
3878
1290
2780
653
4845
4714
3127
1831
2322
1058
1627
2765
4285
3065
4751
2944
4166
1640
4319
3053
638
2760
1656
1592
3746
4859
2047
1250
219
1537
2647
4694
3177
4143
3057
342
377
667
649
3883
2292
2394
726
2861
1682
94
2194
3855
4143
3962
427
2439
501
1608
1754
3197
2058
1774
1426
530
3300
4499
2715
922
3250
1424
3543
1685
804
221
2676
2106
2990
4809
3404
3469
3177
79
1545
4395
338
1333
1525
2163
2455
942
1185
4512
2119
4731
1668
4796
1458
2733
454
4655
2465
1311
2902
4113
3791
4025
2065
1124
1592
3359
452
4333
2728
4420
1884
516
232
1113
331
4937
3788
483
4518
4402
3297
4356
701
2923
1805
1400
1970
861
1343
4810
1302
850
2321
872
4024
1272
1890
933
2471
2916
2297
2573
178
1736
1311
726
1694
1728
4789
4166
3136
1370
502
799
724
2573
78
2642
2326
4683
2643
763
4878
1145
146
4305
1113
1990
3221
2713
2725
1546
2468
2139
3517
3290
4378
3197
3038
4529
4369
2374
777
1329
2496
4814
4371
4130
2244
53
3401
3138
205
841
4039
2502
2411
2083
1547
2895
2696
2252
4286
1969
1287
2700
3571
2280
3542
1612
2755
1892
3904
2477
4599
2062
2510
2752
1848
4539
663
4207
4428
3417
1181
83
161
1216
1187
648
895
2707
3508
934
3425
3559
3732
290
2669
451
3997
4660
204
2856
1163
522
3580
1530
929
1029
1564
1768
2392
2130
2527
121
2732
827
3356
1840
2706
1191
4309
857
4391
3512
688
2876
3403
2923
2723
2490
3174
1094
4019
2485
4145
4541
4582
4565
376
1661
2894
2040
4182
60
4937
1954
1402
1008
776
4949
3432
3584
2597
882
2395
1496
2585
809
4666
65
1300
1653
2889
3568
1566
1868
2242
4013
4589
3942
4555
1728
2256
372
1945
2919
4020
2795
3205
1930
2237
4912
1222
1915
3919
3726
112
2536
2133
1501
515
395
2786
2446
4967
3732
1182
3653
4006
404
707
1542
4946
4446
4264
2803
754
378
2254
1164
3007
2193
130
4352
3627
1720
4322
2740
1212
4878
1084
122
3638
4040
2219
171
4007
2136
3242
3207
990
3857
2390
1652
4110
327
2808
862
3144
3556
1704
3526
1751
3229
2280
2454
128
3287
2208
3148
2145
1836
2693
2861
881
346
4760
3612
3993
4398
1324
4691
601
3733
4216
3737
686
2715
2742
404
3579
23
90
4913
2621
4839
3015
3354
1596
584
559
351
4902
1785
3954
1936
3790
2872
2385
658
1150
3965
506
3824
480
1374
3647
1364
555
554
962
2774
2915
1562
4716
1068
2650
1885
935
515
1903
4027
784
2157
324
1468
3361
587
3604
4394
1029
3836
2780
2116
142
4047
4658
4573
500
3278
1211
620
4798
340
9
1941
3542
1840
2181
2064
2840
3426
3545
1552
3875
3245
4794
463
2611
309
2956
4136
142
852
4502
733
2246
2592
4631
2570
1942
2862
161
2522
849
1493
1804
3608
4111
20
1567
3672
2569
4830
3715
1472
943
2936
4704
1177
2672
1391
4708
538
362
1815
4705
4527
4178
482
1055
1590
3031
3678
986
4234
4450
3418
3245
995
1856
2505
2774
606
2163
728
1532
2385
990
725
3063
1082
3784
2913
2583
3488
1914
943
95
3274
964
1997
3747
1535
3941
619
584
1030
2442
1554
1203
2214
2329
4135
2780
4056
166
1447
812
3804
366
749
654
3786
4386
1674
3298
395
142
2628
1223
2886
1899
2442
2754
2062
2201
2063
1394
1012
2633
134
1174
2362
2898
3853
1873
3584
3858
36
4532
2226
8
4551
3805
193
1655
1570
2735
1273
3278
3670
3650
1571
14
3145
1748
1508
459
4954
1400
3422
4871
3877
3886
3517
2123
779
1419
1580
2559
3335
363
593
4276
2780
4924
1807
2039
1451
397
1963
4137
507
1246
369
4846
1457
1866
2423
4251
1947
4130
2026
1667
4064
4228
3672
3147
1443
2796
502
3252
1975
2369
3835
4881
1796
1964
196
722
1722
4324
913
1193
1454
1198
3688
4667
3523
1171
4345
3696
4803
4729
3962
342
230
1783
2804
3699
3706
1763
3405
4962
2076
2615
559
3121
2062
3420
3065
1624
1050
645
1860
2500
2765
1231
3233
4252
975
4655
2721
1804
458
2813
1429
1953
2937
2527
2871
4931
3915
785
1177
3218
3552
1252
1356
3714
1451
1100
4876
2401
2424
183
4450
1235
2569
155
4074
1579
4236
3703
519
1701
487
2380
2763
3521
3766
4901
1747
2579
2516
1709
3074
4513
104
4200
500
429
3010
125
1766
2212
1023
3994
3085
3462
3633
2321
4116
3894
2522
2697
1618
3868
3874
4672
828
809
3095
4272
4286
267
2365
4159
647
1314
927
1004
4782
458
1124
1158
4400
3954
1349
1759
3076
364
3901
4857
1328
2718
2770
4648
1884
3905
3708
4776
1856
1616
1788
168
2330
1202
959
3304
3282
892
4003
902
4138
577
3656
943
4040
4259
1698
621
2254
4943
3191
3740
2044
2235
4012
2257
1396
299
3789
557
2143
4173
4500
1814
1398
4250
434
390
3731
3718
1108
2833
3256
449
2039
1233
4784
1263
855
4116
4365
1389
3725
2721
4898
1973
231
158
1682
1124
4788
958
1353
985
4680
361
3994
2857
3637
1676
2576
1233
1739
2122
1040
4860
649
4859
1326
4606
860
3245
2368
2943
135
1632
1889
1356
2508
2678
718
2338
4250
2699
1446
1060
3496
1121
1301
592
4216
2799
2698
1917
4720
1563
2306
3176
4037
733
1196
2127
3080
3166
3975
1269
1694
314
2848
4615
1874
538
4001
22
4894
3580
518
2142
4211
4638
1489
4447
4301
3873
881
2986
2130
875
4390
422
323
544
4753
939
4372
1506
2810
4846
2313
222
441
4183
922
4688
2401
376
1849
1946
1193
175
2809
2313
1941
2693
121
3857
2901
2624
4305
1170
541
3973
3341
1523
189
4658
2615
4510
4481
2812
3314
52
163
3996
3268
2474
2079
1951
4883
1684
4464
3678
4067
777
1489
2027
319
2255
3975
518
375
1025
1525
3559
3792
1982
3528
2868
4482
892
1044
4421
3422
116
3110
30
3551
936
107
3421
635
530
4153
3837
3785
823
3181
1498
3709
4652
1077
93
489
943
1255
1794
2559
3010
1393
1657
2133
4059
4307
746
1007
3503
2674
3157
2435
3504
2774
808
921
3461
2454
1106
1018
2938
1514
272
443
1639
2321
4045
3058
3357
628
1416
4624
2309
3242
848
2055
1043
4222
4051
4077
3844
3383
4592
1074
1612
3350
3561
2199
4300
3317
4678
1383
1770
2966
4869
1386
2656
345
502
3048
2625
290
2511
2915
2057
1363
4003
3456
1877
3261
648
280
852
2061
3216
4945
316
4325
176
3330
2415
4600
3016
3215
1663
2698
2467
4274
2152
1695
2400
379
2269
1803
2519
2233
3278
874
3952
2105
216
2577
2504
206
2014
1668
2181
2787
4366
1329
2573
589
2719
4221
2786
1947
1122
622
2057
1482
1190
2441
3642
2604
3272
941
2306
2018
3075
2496
1728
4258
2181
2536
3941
3554
3130
1924
3911
3821
2676
3052
4488
1581
3971
2934
2154
195
3346
3099
3286
563
3074
2025
1334
3923
779
466
1783
1885
792
2013
402
498
282
2724
2165
4658
1080
4221
1262
1602
2158
4093
312
2397
2171
4322
3561
438
3463
2399
3155
3172
2725
2718
154
1167
1861
2353
1517
1091
2389
3577
3480
1362
4497
1939
3969
3567
3289
4480
1898
2400
42
2732
1790
3227
4936
2569
415
109
3530
1084
1016
3910
2302
1856
2447
3889
518
1722
4965
3531
1603
1405
1504
4482
1730
2663
1801
1664
2724
4219
1146
1815
2098
4768
786
1671
2120
4691
2092
967
2530
2624
4644
2016
581
2911
4828
2664
447
1749
2399
2742
481
2543
3756
209
3043
2126
4924
2741
129
2792
1911
3168
4949
4683
1516
2202
2966
2768
2240
2492
3607
4709
3097
835
4114
3883
3187
4093
4503
3754
1978
4667
3847
1873
3250
2687
4198
4010
1028
768
633
149
4761
4107
2684
1172
3851
4
1183
2248
3778
3494
138
2010
1621
4423
2766
1140
3842
3568
3006
1041
4752
2659
374
2641
1738
4853
2882
3442
151
1583
1603
1308
2840
4999
1318
4915
2249
1596
4333
3643
2291
499
1890
111
2817
939
1408
3882
2922
4736
4900
1130
4119
2477
4277
393
4710
2363
944
2534
4150
1202
3719
4651
4187
5
1027
4736
1284
3675
1055
3065
3171
1595
2791
4884
1101
952
2065
1909
1987
37
1594
2989
832
1755
2548
4040
4156
2968
2695
4309
1073
2514
974
3628
2188
4844
1683
4748
653
345
4997
4458
2778
895
2001
2576
2081
205
1231
4549
1869
168
4191
4802
763
2762
1028
325
3574
2141
1071
4313
783
814
3439
2286
121
2957
2855
2741
172
2580
3120
1830
1208
767
73
1957
413
3547
3716
2803
2136
1849
188
3969
440
2948
564
3290
194
4145
4777
1769
1034
1040
3962
1969
1075
4344
502
188
2545
3767
695
326
60
2370
2254
3242
4176
1001
944
4429
1627
2823
1775
4338
975
4401
3620
878
2217
1501
603
2886
4696
533
935
157
1874
2260
280
1081
2291
4696
4075
2384
2440
2352
2953
3096
3803
0
3809
3324
4615
4627
3610
1742
831
1616
2132
2793
4346
1057
3343
4782
4226
1815
1599
1626
2541
3218
2542
325
2355
800
2386
3278
4650
3923
1273
165
4310
4848
2593
3449
180
2052
1205
3459
1361
3730
2421
2643
559
1844
1413
2098
504
974
3201
2288
2374
3057
1799
2574
266
4918
302
1646
35
3544
1014
4010
3601
2256
2048
1594
2834
3147
302
3219
1805
1751
3046
1332
262
2758
3460
386
3994
346
4070
351
2171
337
4491
1166
902
4531
1342
3426
2906
3706
2368
1711
236
3576
4076
2385
1361
2520
3575
3964
987
1862
1952
364
440
2648
1756
2182
2511
833
845
1855
1469
2412
1755
883
2567
1758
4035
2920
1313
3455
2992
1261
1822
338
2287
1581
1048
3034
2856
624
619
423
3786
4075
741
4690
1037
2007
1761
4054
2942
3440
3004
424
1654
4031
383
3896
220
2266
4806
1791
4701
3170
4392
939
1905
1701
3153
3578
2439
4574
1996
132
2580
4634
85
2547
736
3059
2566
2959
857
4578
4320
1005
1412
1057
4588
112
585
1431
4442
2043
1239
1095
3562
3958
1464
1403
3202
1831
246
869
4840
1626
142
2039
3895
908
1676
4988
3103
3445
3399
3110
1160
4580
182
4928
1079
4215
3595
447
4477
795
3279
3445
2836
2073
4510
2174
2156
3194
1660
2087
2917
2420
1593
4659
3565
1020
4377
4424
2204
1047
4383
1402
774
364
2347
1758
2568
189
2721
2714
1207
654
1188
75
302
908
666
566
3550
2394
1762
1715
1187
199
4828
391
4757
4620
1288
2217
2748
941
1473
191
4144
3063
3147
178
191
4425
3587
1696
4664
253
30
56
2471
192
637
3731
1354
2416
2023
225
3660
4526
4359
1033
4104
4468
1784
662
3809
177
2878
3046
3759
1170
3055
268
4132
2419
1289
4225
3079
2015
726
1678
4905
2597
134
1653
1038
4499
1379
4537
4999
2367
4171
683
1974
4883
4937
4038
3505
4281
117
4134
842
4207
1701
3556
766
2613
2004
4429
3957
1085
2730
4676
1586
434
949
4916
4580
1444
2926
3555
4987
866
2631
1267
3006
138
3979
2539
3381
4581
254
454
2587
2718
3415
3018
3286
2548
755
2036
1306
4702
821
3002
1083
119
3186
1936
2690
4307
3921
4863
2993
3504
347
2547
578
4368
1839
1108
2333
886
3130
1304
992
503
3917
1382
4
2715
2039
4606
2870
2827
2772
4824
4852
1014
4726
3426
4816
4631
4619
261
1809
4473
4544
418
1264
3894
2836
3905
3840
4339
200
4347
723
2921
1390
2289
4888
2704
1966
3067
2361
1444
3289
4758
4468
2116
4528
1232
4144
1057
3365
1302
3275
2068
2452
2536
3681
2131
1523
3770
2040
1262
696
614
3482
820
946
1897
3722
2283
2194
644
2762
864
3467
1636
1092
2068
4864
35
896
2176
1502
448
2654
4762
2386
461
181
752
1611
2759
3419
3148
4394
2899
4709
3841
1857
4511
177
3629
2155
1159
3026
1352
1867
3506
3773
1916
3015
4580
730
3141
1766
4380
2564
666
431
817
1852
4148
3204
4912
4586
2831
1615
665
3582
2648
3092
1956
3583
790
2896
1270
3610
4731
1207
400
1677
2348
2876
2441
3572
2895
1589
4531
203
2533
3757
2524
2981
3808
4406
718
2269
3855
1526
136
3011
3392
546
4734
2314
2989
2705
3231
1471
1618
1138
3262
1860
3693
3351
4564
318
3103
2564
3243
660
523
75
638
433
3940
1946
4879
548
1099
1072
904
4646
4322
2043
4799
403
3555
950
4364
4540
348
3769
20
3196
1455
1657
4187
3906
1988
1514
4846
2447
4435
3178
3047
1505
3079
2247
3548
4158
156
508
930
2173
869
4568
1085
4770
3759
2543
355
16
3586
2606
2819
212
241
3857
2920
471
3800
3887
2882
2588
1477
1864
2703
4995
2482
3662
2093
1885
722
634
2700
4713
3330
2568
4514
1382
1746
1245
4190
3298
4484
3080
3017
4787
372
1023
202
420
1040
2059
2345
4298
1266
3783
390
1207
2196
4237
99
3703
2668
562
4303
657
1952
2419
4149
2400
835
824
2220
4059
4985
319
656
1690
3503
4772
2769
2362
6
3639
210
378
290
4359
260
1415
3294
1182
3596
4173
4970
2717
2195
2135
3544
4122
4341
4569
3451
590
3629
3475
289
4148
3294
273
4235
3335
1260
4177
250
2627
4365
4284
4676
2327
1530
3393
639
1401
3370
2439
2318
66
665
2777
3170
675
2588
1983
2730
1473
2665
3690
2157
3550
1637
2775
1271
2184
845
2481
115
4949
2449
4056
1265
2503
1246
4190
2352
956
3348
3836
733
1121
3527
2184
4685
4241
3369
4394
375
4408
4176
3352
69
3901
1139
3790
4028
2871
2827
393
1202
3463
1320
86
3232
4711
2058
4054
4809
609
4977
2750
1954
3243
1271
1460
2969
3369
916
1140
3803
3644
3610
2076
64
1346
938
3564
490
3029
270
2539
3903
720
4281
3421
1162
4856
1676
2505
3177
279
3387
4219
4050
3799
3375
981
624
1845
2605
1675
69
3971
3711
3751
4207
115
2689
4162
4352
297
2910
1205
1865
1201
3316
4695
815
4920
1182
31
1417
2351
2921
636
272
1237
3761
1555
111
2076
564
3345
3102
4032
3359
1001
2818
2443
3424
3304
3951
1164
2780
4024
1992
1312
2930
194
4822
1898
1719
855
1744
3368
4907
2281
4042
1782
340
1029
3849
4471
1137
844
4237
4704
1498
186
2240
1951
463
3294
1726
2124
1974
1827
517
4392
1305
791
3224
3859
30
1242
4631
4034
1585
4017
2888
3273
2159
3220
3044
3060
4349
1757
2219
1253
2136
1402
2609
1961
4806
2092
830
1292
3725
3648
4160
2934
306
246
3468
4421
2925
657
2109
4749
4947
830
4515
790
1100
1216
2696
1573
2206
2715
3199
646
4882
1248
2318
2184
1133
2241
3518
4017
3562
3325
664
1900
4317
1902
4875
3279
2811
2297
3931
610
1201
3358
3499
2725
1874
1305
1062
666
3165
2080
2434
4771
478
2829
3551
333
4412
1406
1687
4501
4843
668
1030
409
1403
4761
4708
138
4928
1405
4176
3640
2467
1826
4591
4087
4257
4047
2422
2922
4899
1722
892
2221
3662
217
3979
4974
4987
2907
2945
2487
2065
1451
586
4509
3842
2405
1568
3549
2348
1420
181
2256
3385
4346
2184
4355
4161
969
2079
621
4294
4706
876
3203
3072
1220
603
2678
2954
1880
3467
3263
2021
3491
147
2177
3132
1843
1998
2608
1511
4517
306
2337
2275
846
309
1858
2026
640
4130
203
2456
3680
2635
701
182
2918
374
866
394
1349
2373
430
4334
571
3785
1084
4447
1363
4951
1955
1153
2145
3398
1691
1138
2445
407
1003
1660
2060
3158
37
1935
3644
1056
3780
1526
1127
109
2196
297
4457
1193
3667
1459
4677
4365
830
2717
444
715
4543
610
2256
2634
2286
28
4849
3558
3438
4704
1269
2540
953
1733
253
132
4279
1474
4862
1040
1251
2640
4469
3324
4894
1990
367
3543
176
4316
920
3057
1635
2051
3234
4445
3555
3843
3344
1017
2427
3396
2507
4443
178
601
3749
2335
2350
4993
2948
2030
4007
4384
4769
4577
415
1814
2634
1230
2577
2070
1437
2082
2272
3242
3270
3520
3553
533
1643
376
1243
2273
2053
1524
1861
970
26
3704
1457
4883
2409
1896
3905
3399
3325
397
1007
1883
206
595
3417
786
1836
3069
1572
2016
990
3338
3336
1732
274
4941
2005
2008
4389
2999
2620
4490
1797
991
3377
4544
1773
477
1312
2311
1529
3643
1829
4285
1619
1365
2240
3952
1005
939
201
4574
4824
2868
2585
518
420
4885
1841
567
497
3571
3230
4256
4662
53
430
2440
3303
1941
756
2423
2588
4577
818
1172
3072
3757
1055
4808
4024
3019
4903
1642
3637
3174
675
1421
619
2795
3960
1520
634
1736
3628
348
2108
4154
478
4867
769
410
1461
2022
368
335
917
4760
575
1778
1029
2506
20
1278
196
622
565
271
1678
1488
2293
3124
4881
4033
3256
2016
1213
4830
2745
3965
235
4257
3905
2098
4580
3614
3315
3231
1686
633
566
461
259
3182
3779
2324
1146
673
247
3967
3826
3679
915
3275
1668
2340
3322
2720
2545
142
1995
2567
3652
4802
1720
3173
3193
1150
4998
214
3229
2207
1526
3630
3768
4956
2435
172
1665
4322
525
632
2280
169
917
4750
4698
3503
2298
2115
1112
1780
939
2679
3529
4598
1958
4132
4538
2262
4641
111
3427
2962
2903
2828
1276
4628
477
1246
3439
1931
1277
4351
1895
2352
3546
4229
2122
2956
382
1095
99
3384
777
3894
3211
1270
563
3727
3321
4870
1051
4687
1239
4746
2880
3928
1663
982
816
1612
1470
1691
584
775
4456
835
172
265
3708
1194
1511
2740
4617
1115
60
980
4353
3576
1054
1733
3405
2270
390
2585
1170
4472
3915
3289
3506
1483
3182
4739
1301
2394
3566
1574
906
442
4513
4354
1465
1545
3893
3923
1171
1507
2462
1112
4155
341
4616
1182
583
278
4472
2083
1034
1882
4430
3296
2308
577
2421
974
4021
2896
774
1140
1885
2446
946
4327
3479
169
1167
3076
4263
4153
4541
570
3130
3222
4473
3900
341
1158
2466
1637
4193
2322
4354
660
4965
4161
1271
3067
2333
2653
2570
3730
2729
4565
3967
3729
1153
1594
1783
1886
4255
4558
210
1347
2333
1705
2049
2732
2329
3622
892
1576
2319
1198
2351
4278
1374
116
4818
1178
1181
1721
4744
3552
2399
2040
2120
2975
1428
412
2387
2530
3971
1904
2965
4539
1132
880
3040
1553
891
2831
1925
4636
394
56
820
142
54
1
3270
644
3821
2452
129
3605
2854
487
140
1586
2330
1279
3900
1511
929
665
4726
3649
4976
1434
4645
257
4530
3695
4559
960
1180
4967
899
2499
4221
127
4725
3137
2358
566
4757
682
4678
811
117
330
4122
2219
442
3054
4043
1224
4229
1822
1552
3582
2266
4228
1446
4808
672
2565
4052
370
762
3853
4020
2720
1862
504
1135
4615
1700
2062
920
2058
3721
3006
4220
4089
405
3478
4688
3180
3633
4610
2932
1446
3341
3179
3999
1744
33
4410
2859
771
4018
2734
4290
1987
2480
2537
3880
984
4462
1586
1019
798
513
4662
1745
575
3684
1288
3401
2583
4683
4972
3429
1441
1279
2310
4782
993
4762
560
3064
4041
3547
3691
4031
4119
36
2598
1562
3887
1354
1349
2415
2277
2941
4452
200
3198
3376
2084
413
2464
3707
508
3434
583
456
612
10
4329
4330
2486
2907
348
965
2839
4172
1222
2570
1989
3460
373
3889
4472
3405
961
268
3397
3097
1311
2386
4185
116
71
3225
691
1651
3720
2287
3102
2827
1674
3867
1837
1708
996
4391
1776
335
151
473
1654
2703
3091
2315
2331
1980
529
184
3236
29
2096
1279
240
3831
4100
2573
705
2328
3532
4158
3051
1609
2699
315
2133
1564
4585
2915
3126
2307
1442
2563
2714
4657
2519
1152
629
3596
1108
4959
2038
3363
1107
2666
616
2572
4695
3438
2069
3026
3299
2187
4756
3357
2987
1275
4301
2882
315
4895
538
4565
383
1702
392
4076
4203
3656
22
2870
2044
4218
3590
1547
1191
2890
10
4286
3984
933
1480
1848
1365
1231
3536
2535
3412
3931
1142
2151
218
4660
1452
1287
942
4179
2321
183
4822
1818
3263
3577
1896
1009
242
1342
3563
4798
3069
3842
543
4754
273
211
3906
3186
1272
533
221
3891
3399
866
1390
3042
1563
272
3536
866
1309
3819
3352
3599
3056
4189
1208
195
2826
2283
4505
4439
4306
274
2164
1949
4961
609
3235
379
332
137
4950
3579
3689
4371
4832
4608
2591
4552
563
523
2035
3599
3832
3999
3665
2874
3668
4530
1279
2218
896
2133
416
2845
856
222
3392
12
3958
4412
4107
2130
2279
538
2035
3554
3302
2664
50
1320
1408
1494
1588
3683
4208
1218
3144
1961
484
1884
2945
76
4680
2472
2424
1675
73
1860
1893
308
748
3387
2014
3153
4408
201
334
2080
2930
4784
2705
4695
1367
546
4463
4848
4719
2728
2808
705
2080
4714
4807
2559
1169
2712
4610
2117
2488
2041
3129
87
2182
1377
2260
2308
1681
3120
3426
228
442
4513
2583
726
2721
3496
2029
4572
669
1968
4455
3059
2024
1132
1258
4686
2971
2684
2277
1450
2222
3291
2171
2327
3594
1190
3542
629
4731
2199
254
2750
2632
4131
3266
155
1964
2352
830
2490
730
3884
4214
2133
1941
4370
1329
4782
1598
2654
4522
3346
3145
3259
4267
2244
1458
4906
3883
3844
2332
2694
2706
1015
4122
4654
1594
656
2042
402
4281
3239
4174
2690
3700
2969
3829
2243
1461
1721
2554
2156
928
1710
2811
2480
1539
1132
2309
3340
4028
1840
3013
516
4007
1934
2906
4137
3200
1292
114
4894
3206
2005
2570
267
1089
3071
4441
457
502
2686
247
4463
2640
1837
219
1076
1281
3601
1050
510
3513
3665
1751
1162
3093
2963
2039
3837
4204
1360
2555
2123
1374
51
3084
1070
2279
1334
1978
4834
4171
3173
1917
3814
1289
3719
1352
2053
2661
2571
2115
3006
665
831
2736
3016
772
4870
4640
1514
1749
3779
2191
1275
1121
1953
3485
2757
2492
1350
4390
1319
596
4223
2101
1491
68
1509
1412
3540
4488
3736
1071
2317
2068
1779
1610
1814
4722
1736
4967
896
2308
4469
1597
1652
2726
2296
1605
4486
2440
3639
7
440
315
2419
1469
4740
2657
4054
2046
1017
746
3874
1318
4739
331
4108
459
1180
3338
2649
4571
519
72
207
1493
447
3878
4511
3645
1387
1628
3417
212
612
1269
426
223
4546
4295
2130
1350
84
2826
304
3552
303
1318
114
1661
2089
1346
3311
2836
1583
794
768
2351
4435
4137
2574
867
2858
47
4525
4532
909
509
1450
2465
629
711
1209
4404
4229
1224
3659
1837
2243
220
1253
2431
639
3650
4972
282
4559
178
4552
1627
3282
3238
3774
4601
2035
2018
1571
4481
2217
3024
2013
1829
4213
4192
924
2736
4291
1614
113
837
829
2182
1446
808
276
4796
3887
1957
4192
1559
1887
4921
1234
21
3174
2310
792
2349
2249
786
545
3449
3642
313
3025
4747
66
4858
695
2073
1389
280
4534
1676
1004
2978
105
4501
160
4046
1194
457
1102
353
964
1271
4686
3753
4735
4639
2257
623
2557
3286
2250
2751
763
1711
4892
194
57
2556
3052
4958
3870
3661
4936
4340
1046
4359
2208
2259
2245
1721
3612
2491
4192
644
4463
4292
978
2977
914
384
3964
4215
988
4038
393
2677
3584
688
3041
421
680
800
316
4657
177
46
2442
2834
3454
3445
1064
2919
3834
4583
3830
1971
3040
2118
367
778
541
3445
4440
2557
4088
2438
852
3492
3489
1965
967
3204
928
1028
1322
4441
591
1160
2687
4102
3939
4516
2341
3714
2574
4629
4606
957
961
3791
255
1947
1545
4094
2703
2040
1327
1279
2044
3797
1644
1095
2506
2546
996
4467
1374
1045
2506
3498
1363
4210
941
2985
1730
3723
338
4310
4135
2945
2082
399
1729
3644
102
1371
2594
495
1328
1720
3681
1488
4251
4367
4220
263
1397
542
929
3524
3107
1557
4871
3310
590
1426
1928
4121
1790
4520
2386
3456
804
1398
1847
4588
1012
764
3609
4235
2187
523
3674
1020
2205
2822
4483
578
3186
1507
1411
263
2577
4047
2499
2267
4558
785
3831
4341
1288
909
1679
417
4838
4076
1935
4523
3772
1977
2596
371
4152
48
1440
2338
1098
1178
96
1820
3499
1916
3516
4598
2493
3897
886
1585
2827
4301
2607
375
2890
2267
526
3093
2977
1321
2058
1451
4805
3395
986
2264
1944
2717
4595
4177
2915
2837
2443
260
2249
4688
4443
4191
4125
3251
2330
3103
3159
813
2159
1470
2044
4908
3719
1460
1788
3853
3784
1625
2463
920
869
1842
1362
3787
3331
762
4335
3718
3027
4043
2659
1110
4594
4429
675
1238
3173
4910
2161
2531
2360
4595
1660
3823
1705
133
3383
4688
1881
2864
2563
1370
4451
3976
2054
1346
504
644
1734
652
4009
3720
1265
2000
1407
22
4503
128
3184
893
4218
1190
123
1581
1044
451
53
2833
3722
747
3156
1237
1776
3543
3525
410
909
1851
3777
632
648
225
4366
2252
2915
3773
3291
1171
2663
1947
2251
653
4257
2430
557
1445
4731
3218
4451
3991
1542
708
2619
1611
4774
4921
2771
3066
894
1820
3480
254
774
4932
3192
2239
234
1213
2389
4099
4141
3469
2077
661
1054
1419
281
3066
882
2531
171
2144
1122
2156
2316
4336
2622
502
1988
733
3826
606
4747
3901
4807
2557
3007
920
1925
1400
4583
1591
2617
1848
2792
2566
626
3924
4646
277
120
1942
909
467
2822
4972
264
3556
1079
3432
3330
2382
991
394
1451
918
1300
3492
381
2944
2237
2550
23
1918
929
1755
4106
2120
3371
4084
507
3469
4997
291
2177
81
4779
4635
447
4440
65
1606
1835
1082
295
1734
2896
2208
3500
1185
4768
2598
1497
4639
4831
4377
3847
4310
3620
250
1932
3328
1225
1291
2225
4562
2374
1210
3976
4456
1120
948
1965
2136
4896
620
186
2476
3729
1932
2119
2228
1282
1579
2273
1547
1629
2055
3066
2081
750
293
26
1457
1128
3415
981
1491
2253
2021
2405
581
4277
4759
554
813
25
1114
1886
1067
727
273
2029
733
1849
1222
1517
2218
1778
3529
4979
4619
1104
2456
4687
2799
3280
3304
4064
1494
3222
2019
907
2521
644
4650
2072
415
4853
628
469
1555
1011
1208
2263
3956
4054
3040
1190
3429
3141
1703
2905
158
4874
2124
3490
3354
17
4911
2275
2508
1273
1419
329
1547
2454
2116
1919
165
2134
4099
3782
819
2131
1968
4316
3905
2296
4880
3795
4786
4552
2736
4324
1681
1835
4320
4555
3651
2410
1515
37
611
2517
2310
367
605
3443
4678
4656
3503
1970
3871
218
3573
375
3043
1077
1805
2169
3071
3452
1498
1345
508
3644
3085
188
3173
4315
4816
2500
4117
1470
3868
3188
1419
3493
2166
2779
1416
2306
3086
122
1927
2016
4592
4073
4246
2896
326
3311
2509
3754
3838
3129
3229
506
3016
2717
1291
281
811
3831
2508
2622
2328
4636
115
492
4838
2205
1897
3822
3016
1398
428
4192
2020
2520
883
4287
1358
1019
3801
2676
2676
4944
2897
405
3803
2326
2617
509
3426
1451
273
2006
4717
3334
2709
2691
3989
1130
2249
2314
4382
4030
637
2306
4065
979
1514
4458
3235
173
4428
434
4486
3870
1464
1838
2526
2039
1271
3064
55
4144
4251
1757
3981
874
4850
267
1659
3771
1321
592
4720
1369
3995
231
4536
3987
3490
1775
3511
4077
1509
3325
803
2954
2979
4155
2178
4999
1014
4857
920
2197
4540
1475
46
3431
130
1170
2185
2541
4521
624
3015
1353
4350
2918
71
4816
2956
4304
3952
2850
2341
3724
3762
4517
1441
4710
2733
4471
246
3880
4079
1332
2793
2688
1522
607
4548
1131
4965
1363
1048
1840
2465
4804
2421
3096
143
3241
4312
4269
3312
4502
3323
4015
565
4080
715
4479
1152
1071
4775
366
419
2611
3924
1085
1232
1584
3209
1955
2768
2892
591
2298
3256
2131
4104
1803
4824
2240
213
3588
1254
4391
1032
431
1779
4201
1849
4668
308
3303
2815
1161
1428
1995
1101
4818
1752
2899
3624
1532
3427
1287
3862
286
2018
4934
2169
3393
4251
1827
4875
1111
4426
766
2220
1979
3036
2872
2450
111
2824
2023
2225
356
3658
2483
1819
661
1569
1744
1250
525
3140
4445
2596
1018
1833
1092
4557
530
4158
755
3003
2613
3692
1459
2742
979
2800
2895
3919
3104
3
974
499
3652
4261
3581
759
3392
1157
4895
2878
142
3173
1766
2857
1104
2228
1911
1087
884
3115
976
861
3567
1900
493
3631
3063
135
2500
911
2869
2903
718
2541
4531
989
759
233
1410
4667
2015
3245
440
2620
1386
2894
4616
250
1045
1212
3745
288
1482
200
3068
42
406
22
4408
1937
1961
1339
560
1259
3005
128
4784
1658
3226
1968
580
3771
2354
1727
3714
1179
4641
283
2016
3861
2271
103
1177
2143
2233
1565
980
1630
4924
2764
4501
2934
2516
4674
1488
3487
3636
748
1748
4684
1694
2556
3156
1054
1350
1803
3876
840
442
1391
4002
236
3949
1494
786
3511
1924
1523
255
1624
128
4576
3375
3454
1909
3645
1198
1059
1835
3224
1069
3547
3379
3542
1629
1082
2956
433
382
2501
366
2539
2661
767
2862
2065
1262
4823
3524
2667
4078
4200
4450
51
4372
3890
3854
4236
1089
287
3641
1557
1709
2328
1465
3566
2108
2104
83
3146
2697
4353
3029
2142
4778
3830
2612
905
4068
1577
969
845
2560
4446
4210
3957
1918
232
1334
1222
2793
3307
2984
2155
404
2937
639
3451
939
2120
2461
3414
1901
2420
3015
1873
3527
3713
221
1206
4517
4332
4699
696
2741
2739
311
701
2677
1305
3300
404
2102
399
4446
529
2736
655
2094
3886
3089
579
2704
2117
1312
558
1412
1123
87
4456
1762
1335
160
4784
1122
2884
822
365
2082
2099
2695
3766
2977
1373
4505
1059
1660
135
2067
291
758
511
1526
3375
782
4237
3636
991
811
1382
4255
1547
1731
2069
165
1925
3685
1330
2698
62
131
2376
262
4869
1789
1442
1881
4535
3914
1302
69
2787
4759
3293
2307
622
4549
4937
1584
3239
2006
1855
529
4691
4208
3823
1476
347
1269
1514
1193
2084
1794
4860
2514
4704
967
4482
4111
3219
615
4534
1724
4153
4801
2688
23
1646
1445
1783
645
190
59
1080
3100
38
1160
1654
4350
242
4795
1635
3292
4833
2919
822
2129
654
1641
390
1929
4256
3525
4974
4794
460
1483
177
2354
4993
4568
1983
153
4796
4307
313
2552
2957
1909
3026
4586
1866
1148
1454
1210
1459
2778
3407
1797
1774
281
86
769
1772
2290
1871
3119
1683
751
1032
2213
653
1597
4619
2758
3377
1750
4601
4166
3033
893
42
4065
3308
1491
1755
787
4332
762
935
3590
1114
1024
2745
1295
3577
3911
184
3849
4560
3443
1548
1671
68
867
1712
1652
4550
1963
17
2917
4064
2673
4446
4673
1022
2415
1577
328
4499
3616
829
1818
2857
2278
4103
2793
1157
2740
1746
1914
4194
208
1278
4728
2197
2531
4393
33
2529
2723
1424
709
3532
1929
3160
2148
1529
319
984
2296
4992
436
3457
4643
1787
1723
2617
1481
1290
1016
3028
3321
1289
2661
797
80
1376
2397
1731
2719
4364
2775
1943
1375
1436
3460
2741
538
1414
4804
1601
1083
291
974
1060
232
2216
2471
3303
1039
3894
1101
2911
2391
3845
1156
2242
584
2229
1393
4137
70
469
2901
2950
138
3687
2188
1624
1129
3395
1974
2772
777
4092
4566
518
1138
2360
4673
4433
2073
3643
473
4915
3451
3766
315
2700
3791
292
30
497
220
3558
4853
4612
4686
2647
2615
1182
4595
2490
4437
400
2395
4307
3435
1654
1615
2731
4450
837
1585
1120
1197
4967
2445
4716
195
1356
4182
3085
1709
1035
2387
1941
1889
3658
2404
3195
4902
1898
1616
2082
3536
3646
1112
3064
4390
3397
306
4441
2194
70
4038
2197
3761
3636
325
1495
660
2882
396
4576
4950
3384
1331
1764
3232
3999
4834
1123
1561
1658
1182
2850
4353
2693
1801
1171
4895
2082
856
3666
3729
1242
3057
890
2701
1665
1356
3968
2542
2973
3537
717
625
352
122
2538
2377
2180
2683
1975
223
1294
599
1076
702
4286
1261
4188
2534
1454
2995
2183
4687
4489
1961
3199
977
1135
3113
4829
2641
1118
1101
3372
262
1618
146
