3531
1659
2129
4800
2239
4544
527
2133
3505
937
1178
1687
4070
2595
3652
3707
1061
1400
1205
4222
4634
2987
2243
1351
316
735
188
1509
1250
2459
2593
1050
4434
3593
2302
2624
3586
3192
767
4643
4323
4318
3749
815
2490
153
3784
3051
4296
1224
367
3895
1221
4013
975
2050
2272
3054
1121
2791
3098
1140
47
832
3621
3684
591
2275
2535
781
560
524
3483
1768
661
1100
4801
4943
2033
3089
420
871
2274
4222
1949
999
64
2492
3086
2838
4767
56
146
2000
404
2959
2067
586
1453
4736
2716
3534
4964
2177
2513
1361
2588
3717
4595
4467
4076
508
1400
1558
4237
4227
2402
3155
4543
773
3894
2641
2737
3906
2089
4143
3472
3432
3270
3076
55
2071
1131
4181
3984
3929
4389
1823
2074
386
2136
2734
4388
620
1188
1853
2673
4014
996
1191
468
1918
49
4061
1813
4949
1454
3712
84
2946
1637
50
134
2425
2611
3648
1959
3733
1839
4235
1839
1675
4984
1952
159
3434
720
3212
4709
4232
3979
91
2150
646
1117
2123
2884
2639
835
2285
2096
821
4096
524
1138
1717
2051
2136
943
2540
1271
4261
4241
3161
3532
3600
677
884
1844
4442
1578
3840
2664
273
2694
838
347
1971
4781
1978
1191
3476
2924
1073
3487
329
1618
3643
2717
4117
88
462
3309
3221
1819
1499
3770
3432
184
1837
3392
2241
1919
4574
1729
1423
1227
3300
2971
564
3209
3509
3546
1869
3702
2951
4634
1490
2534
1284
704
2263
1267
4003
2794
2554
3979
1657
2291
2630
2245
4850
3948
119
1781
2019
919
4735
2902
1306
1206
520
4047
1089
4524
1322
2129
1558
1041
615
24
4958
4404
750
4608
4900
3780
1053
2002
3612
2984
4419
918
2645
2472
2781
1851
4534
579
135
1126
4520
946
2341
2280
4653
3581
3890
1923
4463
964
1664
4325
3300
3345
2489
2334
1280
4005
2095
111
3955
871
2991
4051
2637
980
1747
2459
1023
1651
3519
332
2300
2305
580
3067
1377
3005
900
4525
3928
1340
3717
1392
1019
4351
4130
1622
3735
955
246
4939
4286
506
4042
516
1402
1864
1424
4106
4239
4609
57
4280
936
4609
981
3977
53
2916
2417
3470
1380
1087
1510
743
3373
2614
4359
1207
4250
3568
4122
4453
2286
4808
4235
208
2445
2269
806
1938
4709
1060
884
3913
3644
3636
3871
2218
18
1266
4473
14
2400
574
4362
2610
1161
3390
2297
850
2272
2226
2997
4566
1178
64
4508
1279
1733
1321
2307
203
737
3211
1407
2271
566
4376
4164
1869
3383
4375
140
4743
2806
4386
1714
4098
1263
2536
1335
1334
3641
3763
1261
3597
266
4324
4531
674
1626
1294
160
3860
2244
2800
771
2883
1544
1575
194
4955
3340
860
3457
3191
2037
1321
358
4719
568
3738
1371
1164
1661
2530
123
3971
3863
4539
2713
1361
4181
4746
1485
4742
1925
2698
1320
301
577
3120
2650
2603
3626
2703
1666
222
1997
3861
510
3624
4811
3517
499
1476
1565
1023
1983
1056
128
2725
3429
1795
3381
2383
3522
4321
252
841
2438
636
826
1651
1804
3886
1288
1953
4581
1725
1519
4237
3665
4606
272
1226
1088
53
4977
4258
3825
2091
2229
962
865
2529
2906
2427
3630
1476
4313
2997
2244
2721
682
1256
1352
1979
1687
3491
2451
4075
825
3360
281
1632
3776
1815
2010
2311
3751
395
2217
1724
4950
4698
1867
1298
597
4016
1522
4727
3437
534
4827
1948
2697
239
4037
235
189
564
2028
4673
3142
1896
4860
543
458
302
3105
3620
1137
114
4382
4245
3084
4445
3093
2935
3453
3269
2031
3
3567
2652
780
4196
3584
3352
1029
1646
1548
3715
1567
247
315
3652
2563
2354
3766
70
717
3137
2310
2775
4897
1347
4734
3547
2165
2759
3706
522
107
2872
2888
1383
2197
2441
1981
99
846
1611
2755
1858
3062
244
1122
2724
3134
2186
2693
4566
2157
1585
2678
4722
1226
4369
1317
1484
4907
2115
2213
4791
1358
4077
1199
1592
4910
1845
1762
896
4361
2402
4115
3968
2239
2905
1802
1352
1973
3103
4542
72
4546
2402
738
979
3185
4821
2559
4497
1953
3907
60
2612
2674
3467
3308
3741
3489
1893
2655
375
2565
4237
2011
1852
1331
4725
524
1528
4063
40
2161
699
4900
2820
3521
3554
710
551
1502
4960
4902
990
4730
897
4901
1066
103
3359
1236
331
1851
2921
2108
3665
1139
3456
3538
1529
4079
1692
2277
3109
1711
3927
2811
3864
1148
904
1088
2888
1194
314
1321
3317
3396
4614
2936
1536
785
4343
2961
927
4006
3828
3684
2953
1204
1251
1332
1325
2259
4500
4607
1528
4894
2300
1071
4814
3969
699
1729
1728
3529
4136
3051
1327
164
1875
2331
4720
2329
651
2206
4009
2400
3145
1415
3467
2988
3309
920
1984
1248
1824
3629
2454
2265
1194
3975
973
4266
2596
695
2678
949
3992
3436
1485
3297
8
3758
1792
2791
4077
1788
2088
2778
4601
1771
3983
3358
534
2247
4098
1927
1448
2575
2154
1613
3817
1788
3670
711
4932
99
3219
1438
4124
1252
4046
3523
3861
4705
1873
772
4243
4954
308
43
1139
1344
3454
1951
4966
1225
4285
1567
1445
2029
4834
4580
3977
4582
256
2206
2490
1013
470
1826
1067
82
1987
731
891
3851
1490
415
4143
1994
998
1027
2686
1312
2704
1721
406
806
718
440
797
2694
1574
581
1082
93
4108
1281
4805
788
1728
3419
1956
4479
3147
1736
4376
1694
1812
1944
1832
1930
3582
27
2852
1274
2196
1163
4556
4910
2064
4675
474
2627
863
648
1836
3097
2393
696
2863
4665
3392
1905
1225
2732
2551
3050
2974
3848
3110
3359
430
4755
2435
2729
2228
2645
2570
2085
1881
1193
3008
2863
2354
2772
3061
2518
1312
4337
0
4601
4095
1309
2039
746
4977
4095
2319
346
91
3817
1369
3741
4192
2501
1262
1752
2853
2498
1340
1840
3518
3814
4801
3292
1375
1425
1471
1078
4644
1063
1681
1846
2381
662
4421
3952
3308
2632
4522
1223
585
2459
1676
2714
4672
4864
2022
4941
985
2489
1192
4395
129
2902
1409
3411
2311
2001
1270
3456
2570
2025
1603
974
4120
1628
1393
3842
218
2841
561
745
3527
749
4296
444
4021
4115
4932
1002
2095
2161
1686
422
2980
625
1128
4827
764
806
2273
629
3656
1944
1030
1922
3858
1625
3988
3281
4235
1256
91
2601
4436
2550
1365
3181
2223
2960
1767
3870
3103
3412
4791
4978
1165
2351
2743
1612
477
3726
1705
3580
2072
4812
4484
4321
3122
2027
2341
3979
23
4846
1561
710
3586
1311
2962
2716
4862
1141
2560
1642
2913
1024
4882
3126
2150
4952
3294
4767
2178
2306
4197
4909
2048
52
2506
2499
425
3796
2301
2659
78
2620
1139
384
4392
3368
504
3617
2587
1603
599
2109
1341
4902
3209
3778
2925
1803
1916
1683
274
4906
4022
4457
650
4666
3899
4944
725
2474
3819
4350
4192
2319
4320
4399
22
2409
3350
4301
1644
1562
195
2223
724
4534
3961
855
1620
2249
4930
4984
1695
542
92
911
1077
1084
1253
2073
2663
2030
2024
2398
526
426
4856
4692
628
2241
501
3727
1114
1433
4989
864
4844
2296
436
2124
3658
2138
751
3686
1512
581
1494
3503
521
1011
952
1765
4631
1015
3915
3458
70
2155
2524
126
2274
4562
596
3632
2910
1442
3572
1609
3398
684
1106
3129
3367
1590
3284
3734
85
4280
4188
2010
614
4351
2101
524
3702
3103
3901
2498
1649
4228
356
3726
776
3418
1916
4598
4542
11
1097
4961
834
2313
4082
2726
4067
1157
2457
3535
383
479
3776
2287
2516
815
3132
2319
1698
2084
1566
2263
1920
4331
175
3747
2862
2978
684
2219
3587
4301
3739
584
3585
4384
2117
316
2982
3430
4221
658
1196
906
1031
198
219
549
2964
813
4124
1871
2829
3808
3137
2193
2598
2605
12
4762
1694
935
3222
2976
3699
2839
3993
2521
2603
3610
2400
4739
3320
1829
1693
2409
4140
3223
3315
2967
1542
3294
2933
1496
4323
4269
2622
205
960
1340
155
3177
3215
728
2222
1203
1433
3013
1388
1932
875
4169
209
4610
2755
3474
794
1956
2621
3851
1996
3990
369
51
2059
2343
4551
1327
1062
1105
158
1761
3201
2753
2625
1592
4426
120
3420
2090
4313
177
3605
3024
1593
148
3782
4481
3868
1098
4474
2881
1518
2738
3670
4995
4656
915
1658
2669
1440
291
3880
4299
4975
2600
1940
2902
1508
133
4932
2447
2759
2703
3179
2823
2872
3353
1984
4592
497
4276
1268
2193
2737
371
4996
4502
323
4374
1196
367
2342
4668
3533
1314
1054
4719
1119
1275
739
2619
2267
3923
3168
2848
1082
1758
2663
1032
666
1553
4483
1586
3051
1444
4342
1248
620
1341
2876
1694
1124
3733
719
3180
4853
399
692
1766
1995
4406
2223
2690
2742
518
4499
762
3444
3566
2948
962
4692
4500
3304
2172
1206
3601
83
1770
1142
743
2578
1972
4042
928
819
2435
1298
1
131
2677
3272
3303
3896
2498
1400
3160
3856
4486
2105
2526
777
2424
4413
2263
4194
3601
4526
2713
4849
1002
4881
4868
1679
2728
2191
2887
2490
1617
649
1032
2594
347
3829
2287
4294
1858
3143
2474
327
2715
2473
3998
3796
664
1741
68
3064
259
4746
2834
3057
3349
1718
2268
3874
2761
2451
1627
1180
2573
1181
1869
4448
1721
2722
2916
4785
3164
2827
1011
2216
963
667
3887
4719
202
1309
1139
577
4952
2171
1870
258
886
2556
4496
4307
4833
4645
4171
4633
1960
4956
2279
4583
4400
3112
3905
1801
1470
1869
484
2043
2628
1911
1408
4624
4296
2613
4554
543
73
3352
500
4299
2724
1556
3959
106
750
4934
4159
3961
4634
4526
1190
2798
3334
2799
3435
2374
4409
4941
2300
1544
1231
1606
3553
4657
2168
2332
2395
2057
366
642
2717
3630
3406
1133
3298
4848
209
189
3007
876
1955
1772
2762
4181
3595
294
1308
4136
4509
2738
4795
1135
412
2560
3395
3793
4548
939
2597
2359
3463
4873
824
66
2285
3032
1544
4091
794
1387
4908
2155
1787
1294
4780
1428
377
2678
2331
4783
4641
4748
3233
3216
3395
1684
2316
1608
1434
1001
3329
1209
4883
444
437
4951
4681
4484
2425
4308
1904
1912
669
4636
729
4251
259
291
1222
510
2392
2612
2575
3717
4807
1635
4059
1067
2247
509
1027
4503
1917
1511
4731
3003
2717
764
1882
978
4365
1723
4133
2555
3338
3528
4119
2827
3608
4666
4331
2919
692
981
3653
642
1404
4993
3638
204
657
738
798
2756
388
3689
3231
4000
1599
2283
2216
4562
2181
4009
2119
3748
2580
1872
3259
4696
1698
433
1952
4745
1438
4388
884
854
3536
32
1250
3232
1100
3134
1421
3634
4923
1847
727
592
4867
419
2210
3307
920
820
1159
564
298
3306
4262
1855
2793
457
293
4931
3222
4623
4852
2399
2484
3250
2832
3927
2135
833
3374
2190
3636
2074
3219
1814
3617
2844
2666
3006
4254
2726
3901
3251
12
1000
3671
1259
4853
1280
1842
366
1341
3544
3804
2117
383
357
2744
3472
3939
876
338
3346
2102
1904
755
1336
1186
3903
2582
1546
3320
2277
3113
3929
787
2025
4536
1954
2767
1431
4742
2041
1010
1910
3030
641
1833
3515
4930
2691
1694
2061
4729
1974
4521
2554
1806
774
293
2466
2999
4536
1181
4011
1683
4892
3926
3516
1943
708
1118
351
27
3357
1381
2240
3784
4091
3363
1331
1221
4817
1667
2093
467
2273
326
2761
4429
3081
3667
3006
924
1375
2293
1143
2618
2543
117
4907
877
850
1418
2766
3311
657
3759
960
1595
146
2892
2164
3034
2722
663
3204
207
3932
340
2171
4568
1921
4578
595
4871
256
4113
1641
1279
1224
2825
4533
4434
3964
3804
3782
330
1622
4454
4021
191
1975
1340
288
4673
1685
1036
995
879
2662
2851
2418
519
2293
148
370
2086
4859
2719
3848
914
2151
1057
258
2838
2657
4179
1557
4710
1339
325
3511
2572
1537
3252
4726
1098
1627
1217
1664
377
2968
2540
4349
697
2142
273
3065
786
2655
3890
1934
2123
3949
4901
3314
3889
2794
4303
4629
4658
609
2073
1582
3242
4585
2866
414
3549
2107
182
3709
2566
378
1550
3027
1408
4051
3159
2250
1227
4909
327
2674
626
4882
4453
4997
3586
1798
1169
1285
4037
1032
412
450
4904
2359
1353
4808
4457
2862
2452
1224
3350
3675
1185
4430
3538
2477
2560
2091
1865
604
1664
3132
30
3389
3658
4971
4434
3118
3160
1260
4064
2687
4901
699
4535
4890
4574
1276
840
500
858
1675
1832
436
2446
2053
864
4819
540
4054
427
3053
4460
4052
760
2015
2003
2964
2673
2921
3356
1276
3307
2527
109
2977
2847
3234
4787
2938
2600
1804
4312
2052
4158
1492
2723
3072
4514
4814
2473
738
3379
3823
4972
4859
4432
3479
2289
1536
1047
3936
1765
1732
454
2143
2218
1300
4288
1704
4479
1594
4226
431
3966
485
1902
3700
1875
3879
1272
1910
2049
4806
383
2739
1382
2495
3942
142
2858
3848
1036
451
324
2244
4848
0
1886
1981
2577
1172
4762
3261
862
4676
357
2933
1449
2707
4451
82
1969
2426
2963
3988
3680
3416
3268
2585
3378
4540
4832
3122
2855
1705
2896
4412
2651
3041
4153
4698
1868
229
4213
3169
4467
3012
1261
2652
4615
2418
3629
1505
1398
2322
3296
4379
3174
495
2670
2201
1411
3312
947
952
3225
3499
3042
1284
2909
1779
4065
4197
1119
4564
3335
767
3195
1318
532
1266
2488
2760
2816
1652
2863
2200
599
2139
808
1872
1322
400
1835
3275
3945
3992
4835
2656
3481
2356
4791
1901
2752
820
2491
4816
4561
1952
1476
1811
3108
3231
2659
2454
1812
3779
860
601
1272
1796
1728
2002
4586
2684
792
884
2652
1732
2410
2025
3861
4109
2585
1504
4118
2745
4648
3186
4481
4602
2703
2954
3932
3603
3689
3476
114
2590
5
176
27
174
3116
3062
822
1543
2315
3
1436
4258
1113
2709
1294
4469
2930
3324
913
3210
2758
2898
4385
3047
3780
1244
4028
1966
643
1593
4681
4238
3962
979
2121
2465
357
1555
4244
3143
3323
1370
207
4492
3143
2373
1517
2813
356
2504
3131
3825
188
431
257
293
3338
2193
2733
4576
4551
294
3330
1321
2586
3242
585
3926
3107
1706
4302
2870
2554
3663
2191
3184
1667
4168
497
502
1741
1061
148
1797
2883
3290
2239
4102
1291
2112
2158
2218
3485
162
4107
3960
318
1302
2300
2643
2526
2067
4604
3091
1630
4666
1691
1688
1358
2272
2826
3110
4086
3954
810
1093
1683
538
2405
1449
3205
258
496
3506
1487
2270
1990
420
1718
4671
4688
73
2437
1676
3452
2621
64
4572
3020
3651
624
2418
1097
4895
2279
248
3351
2355
4468
1728
4754
2990
4769
526
4249
425
3563
3713
3347
3716
3698
268
719
2737
4778
600
3312
3958
4720
3749
4337
3857
1609
3064
4293
4327
3024
1415
1010
3518
622
2435
215
3596
4023
1989
2699
24
1762
4844
4776
3311
1057
4118
3905
4985
3611
4925
807
2117
2582
4436
4346
2154
193
1994
2790
4632
3680
1334
2572
350
497
4260
2179
125
1895
590
1206
4949
3564
2575
2039
119
3717
2956
3836
4003
2809
2300
562
794
218
1281
4528
1222
2063
4711
2733
4945
4497
1293
668
4219
948
362
430
880
1128
4146
2904
682
1257
2073
2287
2035
1716
4855
650
341
4980
860
3056
133
2619
3574
2441
1573
36
1048
3353
1386
2537
2221
706
1557
2568
3854
1680
2845
660
3417
2011
2765
329
1763
2905
1170
4679
830
27
1849
3699
1998
4001
2262
4362
3008
1191
2087
2272
3557
4114
4290
2753
4686
3638
2165
4685
2712
2338
3293
1241
3802
1055
112
2771
4396
436
550
118
3770
3725
1973
1815
3665
501
757
2375
922
2730
1173
2363
4117
1408
2675
216
3895
4265
905
3131
2095
3507
2102
3744
2573
2570
4466
4312
2676
3352
718
3433
1739
4050
2531
3145
4838
1589
643
2010
1058
3481
3373
3173
2328
3556
3076
2888
2465
2394
3242
242
1492
2684
4977
4696
2180
710
2635
2185
869
4286
898
4607
1904
3849
4866
3007
2749
1528
1694
435
1800
1484
1064
1301
4351
3037
173
3311
955
1145
4704
4321
1414
2059
230
4675
4708
4634
2026
4587
2029
1100
2298
1513
4377
1515
3690
457
2885
3206
2367
4937
3941
3091
1687
4316
4602
4260
3398
4150
3494
2487
4188
177
2862
3522
3694
447
4656
4583
649
1761
1932
3053
2039
4375
1144
4287
4315
1057
2294
1976
335
3462
2913
4663
512
1826
1288
1864
3632
957
2154
3395
2884
3586
3395
353
2647
598
622
3572
3807
4378
3451
3558
1991
1305
3826
4413
4349
1334
4049
4581
2484
768
3787
3639
1181
3871
3106
1345
969
1636
3646
4157
2586
132
3830
1062
819
4366
1918
1233
172
149
4410
1265
3243
2767
1994
2989
2536
4319
1710
2998
2152
4504
1812
3003
2396
299
311
663
4722
4211
4859
1142
1220
295
1007
2787
1688
2807
4729
1670
1249
2755
1960
1213
563
1577
4318
1120
4916
2317
2628
2825
1889
2974
4107
4588
695
4158
4184
243
2884
1825
4016
3493
708
2130
21
128
4648
403
2111
3372
4140
2380
3742
3138
704
3438
1878
3757
3129
832
180
4896
1233
3529
2969
2465
3213
2231
1493
4132
3197
2744
53
3666
4641
4663
296
4611
3305
3449
2295
4298
478
2944
3419
937
4632
1943
931
861
1648
4639
1534
3666
3399
1946
4797
4554
4917
575
2797
1074
4854
2582
3780
198
3907
116
3977
4694
1021
1128
921
4561
3567
2102
1216
969
1997
268
4069
1774
543
1716
2113
1592
818
818
3936
4319
841
3982
2449
2278
728
4844
2875
1632
2226
522
2000
224
4835
3281
3271
975
704
4016
76
986
2197
1709
2363
2546
2183
2077
2829
1985
2908
1159
3834
769
2152
3212
3056
2575
1210
385
2962
2592
3917
1112
1324
1818
1003
3796
3726
4742
855
1580
2272
1205
546
1913
454
841
2841
4475
1691
3389
2764
3569
3650
3991
4546
528
482
4261
2603
183
4306
3782
3366
3624
4934
411
4461
4984
153
2070
286
1427
564
1001
4875
2722
3693
4865
3315
862
2195
741
466
3770
3881
4082
2087
2468
2153
3793
429
332
1275
3683
1093
1296
4070
2707
433
3743
1750
245
323
4461
3735
3910
1159
4486
4305
1140
7
230
3324
4207
2542
2600
198
2753
4439
998
3747
2858
2191
4817
3948
3550
2144
569
1531
1803
4519
2087
2893
2101
664
4785
2129
3700
2896
3750
1921
1730
2148
2539
3391
4813
2504
3253
682
1724
3562
2895
1968
4000
1841
1670
1509
4024
4936
2155
3373
4953
4839
2153
4831
3781
1604
3009
1044
532
2261
4410
278
4241
105
4252
3963
1583
4776
4575
2516
1027
2017
3135
1777
2227
2547
2883
552
2447
717
1038
1142
4647
3193
3965
1756
4206
2966
4011
637
1494
3414
2714
1592
2363
3240
2802
4865
2700
3535
4999
1365
1775
3498
430
1926
2244
3924
2263
75
3318
799
402
3475
4765
597
4899
1963
1143
3480
872
3255
3368
1427
29
1646
2559
2584
2661
2481
4972
2171
3076
3692
623
694
531
4958
2914
4807
972
1486
1138
2631
4934
3966
1114
52
4683
1157
136
4169
3712
3336
2100
3892
2844
1936
2374
1465
3733
914
975
2757
2480
1674
2003
2966
2391
3905
30
3241
824
3066
3189
419
3059
535
4198
3236
932
217
42
3889
3082
808
3865
2081
535
296
2663
1043
2962
3596
4142
4350
4769
4895
1428
4200
3698
593
4079
1491
3220
502
3366
2813
4705
1590
1449
3815
3615
1896
3028
2096
1576
1624
2927
3714
4294
267
4290
846
3259
4448
3136
2452
1088
4274
2721
1654
1412
99
4709
1037
2448
1891
573
4683
768
1562
2228
1899
588
1354
1806
1078
520
2760
4319
1264
3737
2268
1967
2698
4041
1182
781
1785
469
1444
250
414
1229
4066
3496
4271
683
2201
4795
4807
1952
3675
54
4050
2059
3390
2400
3723
2211
2215
4464
881
832
3585
951
4023
3461
4765
1830
1283
2064
4908
1696
634
2580
4620
1713
3874
4151
4343
4326
4791
3856
4946
3679
1578
3356
2444
3611
2983
3217
4550
1715
2934
4362
1682
2041
2845
3404
2726
194
4100
2376
2811
2514
833
3635
2681
2559
668
266
334
2473
1309
1890
2343
2712
1709
2158
901
854
2411
1074
4276
3582
2008
2072
4200
4350
20
33
2545
2249
2067
3031
704
4240
4594
4064
2426
1162
231
1029
2365
1385
1632
196
2697
1991
3650
1803
249
4553
621
4822
234
2811
1901
2986
2347
300
1469
4939
1565
3532
3999
771
1548
1723
1103
2276
1823
1811
4585
792
2269
3760
864
3887
2793
3287
3592
209
1615
3445
2366
2236
4519
3538
95
4552
810
629
1478
4521
2082
1506
2930
229
175
354
4607
415
4863
4025
2204
1795
1518
605
1941
4578
3206
2525
1409
417
4072
4577
1927
2597
252
4593
1589
1033
3382
1081
4401
3380
2953
1099
3339
621
1592
3837
4954
4896
3795
3180
3542
1397
1223
705
3399
391
1073
2563
3420
586
3564
541
1950
1153
4344
1202
1758
2887
4030
4014
2420
388
1290
863
1690
4050
448
3652
2592
2569
1890
4885
505
2080
3208
1691
1070
3180
1249
952
697
1766
3442
2242
2917
192
1429
1588
4036
4616
827
1798
3321
2617
2996
4583
359
4974
1030
2360
3033
88
3981
1674
1444
906
98
3971
4690
3538
2919
2173
760
2355
3930
1127
3138
2434
3232
2600
4998
3613
2556
113
486
4178
2232
2434
4242
2967
35
832
2389
2310
2619
2478
1695
596
2997
3497
3523
793
219
2633
2577
338
2661
2492
991
4870
4203
3013
3204
158
1570
3485
4597
153
4181
1521
1915
3262
3798
485
4605
3363
1917
1454
810
1221
4880
2302
2433
777
4380
2900
1565
4891
211
3874
3755
997
4814
4067
1430
4115
1469
1452
4701
2124
52
1410
1170
139
1064
3277
3687
574
2011
4156
2021
207
596
2961
4653
3058
2123
3238
658
1470
3491
1656
470
3047
4865
1162
3900
3235
1652
1861
4910
2644
4845
831
1248
3534
217
4482
2012
1081
3524
3063
3312
632
168
1362
2941
3707
3423
3608
3169
1723
2358
2766
3544
4220
4106
1627
1286
391
2231
873
2704
769
1815
3208
603
1270
2048
2684
4789
4682
3641
352
3579
161
3261
3938
1194
2533
2585
3129
4931
4113
771
4677
3216
4220
3852
2485
1780
807
192
2959
2859
2058
3010
588
4676
2988
4221
4777
2288
3218
569
2893
3702
1578
1947
2664
605
313
1632
81
990
2761
635
939
328
2022
4205
4921
1718
2595
4924
3135
751
3041
3200
3019
356
1752
2345
435
383
33
3005
3953
1545
2787
705
1132
3500
4860
1381
745
75
1371
725
650
3552
4804
757
2046
2188
3451
3230
1962
124
2284
4246
1941
977
2442
3900
410
544
3903
1204
1489
3652
4580
3120
4639
4505
2193
1440
1720
131
1535
2226
2914
1622
4012
126
1668
2959
1727
3780
3846
2018
3788
735
723
4093
594
1005
996
4309
1179
3679
3159
784
2332
719
632
1075
4830
4672
910
3317
4965
962
3986
3875
2063
485
1291
781
358
422
437
3073
3593
3808
195
1471
1328
3189
1803
1045
879
2734
3010
683
2077
1902
1031
1801
1797
2197
1540
3776
2956
164
1826
2479
2876
2733
4276
3855
2937
1109
4999
2761
939
100
4816
4094
2651
2388
214
3487
1825
3392
322
2007
1661
2479
2141
2037
3620
1697
4833
1566
229
2705
3778
202
1877
4859
4750
2366
4872
2273
3571
3387
2105
2801
1503
4396
2692
2409
230
1669
506
2773
232
930
2357
2896
2505
1038
1260
1337
1173
1494
552
1096
4427
2645
3224
2042
3233
2945
2227
1145
4969
2853
1573
591
4642
4024
1931
4
3090
1222
986
3486
3643
2310
2252
1545
4515
3124
3253
848
104
4816
1117
3026
2204
470
2047
1552
4406
903
3417
669
2393
1896
325
3711
1704
1610
968
3262
1114
1146
528
1395
2315
2450
2324
387
3339
4911
798
3212
3635
2004
1468
822
3853
2711
2744
3917
412
1306
4748
1199
748
4085
3618
2889
930
1698
3291
3215
2703
2737
2366
1155
3241
4637
1435
2094
2458
1919
2136
4669
165
2210
3501
1453
3359
3462
3451
154
2555
665
4338
2189
2089
819
2139
2644
1951
3584
4739
3302
1263
2891
4538
1215
4803
1377
802
1209
1431
1964
4244
252
559
2106
4231
1527
1857
4653
1042
607
4067
2475
1500
503
712
4097
1386
3521
3559
780
3505
1068
1284
1336
517
3279
84
3853
3993
4684
2059
694
64
1017
2608
4276
3563
2291
2187
3811
1123
1107
2877
3378
4594
414
1993
985
53
4319
4778
4942
669
4232
566
633
3047
2306
4089
233
4696
4113
525
4358
1812
1275
496
520
3753
706
1574
4063
3040
743
1072
2533
4868
1370
1853
4146
3342
3167
1025
782
2431
155
4684
1708
3607
2048
3756
2901
4486
3493
789
2034
442
4666
871
4622
4409
2299
2249
835
3175
2930
437
548
4225
1922
1756
1843
187
377
1875
1157
4575
1373
3062
18
183
50
2948
689
2293
1467
1819
3403
640
2016
2310
4047
794
3310
2524
150
1113
1573
4683
2247
1386
3030
2012
4638
1028
1124
4905
905
1308
1757
2900
2156
3957
1576
226
1645
2163
1313
1968
3210
832
4010
2548
1009
526
1317
1255
4168
173
1600
1682
3903
727
3063
711
4226
2811
536
3545
4083
3656
3659
1943
4776
386
1217
3308
2497
3265
4255
4059
4029
3176
1291
4017
1405
803
4606
75
4041
2949
3962
1770
1002
3440
2797
3716
4599
678
303
1461
3428
529
769
4014
136
1966
1822
1844
261
4887
86
300
1806
4104
1057
1078
348
1714
569
4999
2593
231
3403
1676
481
4141
2648
3508
349
1279
902
3709
4194
3192
4180
3481
554
3321
4494
178
2330
3668
4846
2908
4779
3786
1532
2786
2164
4003
4007
1516
4944
2620
156
591
1260
2030
2671
2573
1669
1068
536
39
4783
3564
167
3025
1720
2186
4130
2349
3614
4138
374
2410
2326
589
1965
1821
399
229
4896
3961
4046
1148
3781
1867
3708
1426
2562
4481
1045
3630
1195
4901
3346
383
1871
3101
3849
3963
3882
3253
2706
407
1991
4878
582
4920
2092
1096
2276
842
2315
4446
3452
3351
1557
785
2407
4538
2194
576
2102
2892
4199
4134
4482
807
4847
3013
3828
3322
3461
3554
183
12
1352
2464
123
3156
976
450
4770
3640
3289
3931
4544
1036
4557
4552
1159
3158
3311
3281
760
984
3053
1043
2009
3813
4285
4841
2539
3672
3068
2541
2531
4537
290
633
2748
945
3170
1115
1307
4312
3945
1153
1539
1981
2645
72
210
4734
600
3332
1308
1000
3356
859
3958
3497
553
3978
2533
2156
3926
4197
1528
3990
813
2089
1931
4367
4249
4556
1758
3666
588
391
4254
2696
1172
1178
1258
1297
2317
2009
328
3077
1198
206
2577
2379
893
1359
890
2424
1051
4434
4325
730
1264
1686
3439
2077
3582
859
2443
2094
1929
2005
2567
1198
4282
861
750
2769
200
3369
542
3319
1456
941
1026
2027
4950
4001
290
4626
2717
3860
3361
1703
2931
986
872
2629
3793
347
2202
643
785
4132
4192
2007
4912
4041
3813
1420
2855
2547
1964
1566
1732
1310
4985
1896
2014
1695
4013
2116
986
2244
4758
2275
1743
932
1198
4917
3529
1961
787
2715
684
3755
2975
2842
4254
871
2561
4643
2994
759
212
1394
4490
1492
3814
2099
3781
313
403
2516
3946
1282
547
1863
1036
244
3682
2734
2998
2647
2166
4060
3721
634
2294
1233
1755
2358
17
2718
4042
1997
1501
1186
4914
4124
3857
2332
3819
1271
3405
4955
2942
2364
816
1074
3249
419
954
4679
2361
204
4523
3319
472
2306
3892
138
656
2510
1725
509
1294
3030
4342
1455
3674
1008
138
1875
1407
4298
2561
4528
2574
1044
3797
2334
1535
1800
3479
322
3874
2664
259
1483
618
2921
4577
1790
220
1191
1909
767
4688
2242
617
825
1309
3103
2434
1200
2161
4129
4712
2837
4537
337
1938
953
381
276
1786
734
2512
4452
3220
2434
1247
4410
4525
2157
736
3498
4009
3597
1565
791
2805
48
3305
3833
3663
2595
4106
4884
2835
2448
2711
1884
2439
4596
4988
2277
2001
722
4812
223
4239
4634
4087
4242
1208
943
3516
1454
681
4760
3911
383
682
2988
1175
783
2034
1235
442
692
4432
2970
306
2555
644
1047
1892
4781
3085
3295
565
490
2829
2205
3272
435
466
4355
3127
1244
3797
1829
3886
1033
4624
636
3526
3464
4436
1881
4008
1224
913
2211
1551
3384
2186
3746
572
3612
4599
4037
2820
1531
3252
1617
349
2620
971
2338
697
978
3910
3039
2754
1070
3375
3793
3382
1084
1435
2717
4517
2232
444
4483
3937
4563
839
2949
2380
4600
1166
3963
3953
2716
686
1694
3732
2670
1459
805
2843
1235
3554
3973
4721
2132
207
4763
3633
2012
3353
975
4624
13
2867
3369
3206
1515
132
4031
3846
4659
3009
3363
1827
1412
2289
1382
4245
3535
1266
473
2205
1212
2250
4798
870
870
4529
1282
2653
4311
4725
78
3322
4174
2013
2886
1662
520
2274
3026
3367
1244
3186
723
4795
1380
4975
280
2890
1481
328
2497
2982
343
431
1875
1919
3313
811
3126
2074
205
3230
2499
314
4867
617
4091
2634
858
1991
548
1754
124
352
1572
536
3843
1031
2035
4768
3316
3646
4532
4863
4451
3279
612
997
2735
4126
3807
89
4383
4606
4135
2177
557
4249
4006
4938
3202
4389
102
1685
2610
3227
4638
2755
3649
265
1488
2930
1391
1818
737
3560
4056
4660
4841
1407
719
1843
2804
3146
2924
2732
2696
127
251
772
3927
1181
151
2090
2543
4320
1094
1131
3457
643
879
1701
295
4525
1370
509
1777
1344
2143
2653
2442
3325
4929
2464
3870
948
1604
3472
4318
19
4037
3650
3352
4996
1769
1936
3849
3852
2977
3448
4228
2185
4772
274
232
4116
4997
3752
3748
3207
4782
89
2486
3801
3574
4559
1725
1991
3127
4138
1955
653
2547
2483
3815
3806
1744
1678
114
3489
2273
2930
193
1388
3728
674
3730
4205
4561
641
322
702
1584
714
3094
593
405
4526
361
797
4894
4026
4213
2167
1422
863
54
524
3997
3819
4787
2238
241
2393
558
3285
1379
1805
38
1400
2356
3106
603
1405
3010
255
3578
565
254
4367
1969
675
696
3880
1518
406
685
1822
3307
4621
1608
2313
1972
2051
2518
253
3804
1164
4982
4017
1829
1950
2297
1442
734
1147
1990
888
4530
222
730
1144
783
2660
4558
892
2716
3093
369
2385
1318
1058
1815
2559
357
58
1450
2758
1611
2104
4256
1343
820
2279
1069
3240
4524
1785
611
4005
502
4011
519
2523
4233
2110
1358
4238
1240
2050
3816
1246
569
3587
1556
4709
1517
4720
3764
1220
2698
1978
850
2567
2158
1218
3674
4462
1125
3966
658
214
2325
2718
3320
3999
4024
2641
1747
4542
3409
2581
2684
1094
4043
1983
230
4827
1614
2448
3964
320
1755
2145
2802
153
3338
1704
3423
1131
4585
1595
842
4339
2024
604
2210
1668
2828
3358
2226
3877
2897
3559
1405
4058
2923
4279
3094
961
4694
1520
2635
4800
4436
4990
3386
4086
1975
1848
1405
2103
1528
2367
1803
4884
3440
503
4743
1690
4820
2693
4533
4065
3494
2336
3257
1256
434
66
3402
3143
2694
2624
2600
6
670
1688
2266
2492
270
2171
2019
4602
1241
4467
573
2873
3298
3191
86
825
682
2333
1795
612
1345
2599
4298
4946
3536
2193
804
4550
2134
1625
3299
4112
4657
4440
3800
485
1079
2833
3513
916
2822
407
4953
2474
681
1316
2416
3665
4828
2223
1836
468
482
445
1128
214
2388
1763
1876
3644
4653
3491
4717
3128
3260
1470
2046
159
4610
3633
4143
3397
1333
2650
830
2608
2556
468
4756
402
2643
3330
1641
339
2825
4377
1961
2750
1960
905
656
4802
2549
3365
2381
893
3153
1489
2452
4524
3959
1779
3246
533
575
757
1556
3641
1010
346
2906
3524
3783
415
1193
607
2109
3076
4487
2769
4882
3307
2579
4385
4932
1032
131
4614
4206
2537
160
1339
4037
4120
165
3109
316
4775
2948
158
2716
284
978
1656
1640
4261
796
3106
2728
4325
3009
1623
1363
3144
2
2431
3803
915
4584
1029
3332
3143
12
2579
950
2144
3629
2507
131
3009
4445
960
2234
331
3629
2948
573
3909
1522
2187
3656
3317
2376
1263
4275
3384
2751
3734
4050
4847
1202
241
643
2859
1007
1134
2080
282
2372
2944
29
2554
2951
3526
2012
4102
4362
2225
4215
4423
836
2578
4526
420
2443
3171
1298
252
2040
4532
2377
4299
996
722
4987
2796
4074
4643
1004
4303
2908
4237
4291
2067
2299
2855
1850
925
3921
3304
2703
2426
898
2063
2322
105
1914
4962
3312
3764
4320
4747
1679
920
4979
472
2251
1787
4836
4962
881
151
597
1264
3163
156
2712
2093
3363
2002
1899
1135
1603
2262
3026
1570
1379
2557
573
1548
2700
2191
1892
4050
3902
3230
3553
3091
4293
2456
845
395
4993
1712
4109
2275
3933
2524
2414
4135
2128
3171
3431
3504
1291
4837
470
1243
1155
1527
445
3977
3351
2598
62
3561
3876
2156
2125
3315
1167
1218
1045
2926
1738
3677
4894
45
4323
2060
486
3324
2769
2680
1965
1026
3113
4308
3941
3210
3992
1480
2401
594
2889
305
525
847
4322
499
3880
408
506
513
2381
2059
1869
4212
2712
1253
4092
4283
4007
990
2798
1186
3726
4916
1611
862
3311
3815
2355
1519
2858
341
4906
1655
1906
462
311
1770
3616
4234
2606
1039
420
3210
4026
3358
633
4877
3967
1898
913
4372
2615
3984
3785
3688
3906
3473
2613
314
524
4853
1543
2763
2266
4552
2524
637
4269
3050
1679
2490
4802
1745
427
3780
1969
3562
2275
492
3413
1936
4372
462
4435
3780
2758
4221
2550
4373
574
251
1203
2633
960
1932
3800
4621
4859
1588
1506
2130
653
1238
3168
913
4593
383
1810
4145
4565
2738
1166
1918
1713
2700
1667
2379
1269
1227
3831
1819
2851
4315
4447
2885
4693
825
382
4046
3855
2747
2455
907
272
1608
1974
4543
2038
1084
2012
1834
4976
4623
4161
3155
4959
1511
4000
71
3791
18
1077
91
4794
176
2665
1574
4639
2480
3314
3266
849
2227
2668
4221
4746
2558
301
2427
1578
396
1696
3534
4827
1451
1376
2984
295
461
4543
2944
3107
3202
3583
4492
3685
4724
1153
1006
3237
3
3173
3746
1872
2890
4513
1015
2131
3114
429
3148
3422
349
2334
3020
2678
2430
4985
4765
831
1175
1531
3334
2546
1755
1615
1887
428
1293
4791
1429
703
4864
2038
742
4885
1281
1550
3177
1025
3434
1142
3546
3009
585
518
1477
937
3528
1437
113
4377
2885
547
2143
3211
4485
4707
1323
1693
205
4115
2194
3870
1369
2959
4996
2542
3160
4154
3933
3342
3744
4959
3718
4403
1566
2424
4729
2557
4081
3148
4437
669
2880
4526
990
54
264
1132
4481
10
994
2013
3366
4576
1117
2718
3815
3893
3504
3359
4984
1538
4331
905
320
1900
1902
4883
3239
3265
1793
1806
1400
3601
1590
4293
2825
803
4100
665
224
3139
1342
1492
1345
2976
1844
140
2757
3218
4271
2011
3837
3611
3850
3972
1031
3957
4416
4848
416
3173
1129
67
1227
4535
4201
3024
777
4267
2762
1284
1745
2462
4216
145
474
2531
3581
4481
1175
3419
3335
847
4242
1411
3791
3424
3484
422
1148
1087
1003
4098
455
4322
4629
3991
2343
1783
917
4261
1920
771
2724
2365
1264
3988
4201
19
2498
4269
1140
2098
3319
4026
1287
1793
2937
4493
2942
4141
1121
1328
2689
2239
3204
236
1111
1647
1330
1754
2885
1217
2312
4575
3400
3087
3350
3621
1687
2759
4290
4536
1821
2087
526
1990
2469
2694
3976
1683
1854
3820
4273
1811
33
1037
641
4441
665
1881
1225
936
4267
576
2504
2952
2269
101
2786
4764
660
848
3021
4049
105
2072
1014
833
2692
2593
4124
2697
1995
1162
827
2200
2772
3314
1860
73
2610
1533
1307
754
53
3857
3898
2126
3317
3038
3868
488
2327
3765
3355
4777
1673
439
1750
1772
4267
3282
1197
4512
630
1496
1383
2278
2514
1368
3791
4003
1754
1065
1770
4984
2107
356
724
2057
2622
1226
4572
2290
4233
462
2253
3496
3228
803
1686
1143
1378
2097
1380
608
3815
4844
1293
1950
3274
4110
4497
1841
3931
639
2557
2522
4702
3218
2816
1440
3984
3153
4858
714
4097
3739
2273
182
2499
405
1757
402
3387
2455
383
433
3629
3697
2894
2936
1476
461
1034
697
994
2878
60
1848
1749
3362
2837
3244
2228
1468
1134
1960
4280
1941
4344
4083
1006
1180
1581
3356
1523
11
2823
4402
3177
4164
1664
3148
418
3188
4897
4188
1362
1799
2655
2097
2338
20
4051
1405
3737
1818
4560
4580
2318
3955
1690
4878
2988
1992
2222
1167
4429
2573
76
2741
3818
2591
1140
2313
1337
67
1576
4130
3937
1112
4630
4758
4658
200
2018
3595
384
2939
4441
2245
2082
2517
904
2057
2013
1401
4494
649
919
190
191
3872
3473
3945
2467
281
1812
491
3230
1611
879
3692
25
1440
2615
2527
665
1758
2833
4336
4831
1517
3156
2604
3104
3842
2139
2128
2894
971
1145
1221
2974
2188
2781
3426
4307
4786
129
1090
3779
1990
909
2104
2096
3868
3681
632
1754
1573
2771
4136
4004
1306
4766
3039
1084
3890
1212
3820
1670
1421
3740
4570
1603
4657
1711
2627
4542
917
912
2347
511
3293
3771
3614
2244
1125
1040
3692
4877
1921
2375
2395
3910
109
2469
3190
4394
3432
3104
822
3214
3638
3672
758
2084
375
2951
603
2498
1650
2266
283
4082
1118
4696
4645
4923
178
2514
2498
224
954
3148
4402
3487
4845
308
3506
3724
1366
2712
4404
2439
4384
3316
2008
1027
1549
3516
2802
3953
4544
3095
1468
4677
1498
477
781
2734
3114
2802
82
2516
1096
4851
1300
885
4788
4192
1674
2057
1394
3187
2768
167
3305
2457
464
2871
284
910
2137
3897
49
782
781
3614
1968
1161
71
2494
1606
4006
556
913
2971
2731
4465
2938
1024
4140
1998
745
421
1474
506
2512
2402
1054
4975
4352
725
1431
679
1540
3731
1815
3646
4510
2106
53
2490
3537
214
639
1345
800
3706
3597
2202
1229
834
878
1559
3971
1855
541
208
3192
3795
404
3236
1110
2981
4628
2428
305
1279
2860
4336
1582
4150
4784
2174
577
1386
1852
3184
1463
1935
281
1974
3790
1082
4238
747
3753
608
1611
3092
1217
1956
2514
4023
3312
1439
3848
3312
600
2965
4683
4362
4644
2381
707
188
845
2154
4205
1817
2791
2256
3870
405
2333
3216
4229
3269
4402
4792
1933
70
2041
4244
729
1120
4496
4218
2921
1724
3209
2485
3764
4084
1345
2583
1966
2291
3020
2437
1132
4605
1433
774
4245
2119
553
2108
499
3370
4134
2326
2546
1748
4802
3141
1873
4392
3262
405
7
2447
4740
2582
2920
4407
1630
1508
3728
3939
2232
1740
1774
1683
2939
2329
1773
2597
1900
4981
4567
3612
1229
4331
515
128
619
3477
3569
2014
3808
593
987
2194
2177
4426
678
1778
4346
1876
2185
4213
2824
223
3846
963
2927
3800
1151
2550
2430
3644
3666
2098
3496
663
1159
2441
4828
205
4690
2171
935
4110
3301
2372
4488
1535
4136
1493
636
1214
4555
2423
3356
3166
3002
4206
2612
4733
4794
1315
4021
562
3596
244
3181
450
3591
2312
4213
1164
2675
4661
1739
4556
412
1317
2625
2550
3867
3321
4478
2484
1843
2044
1604
433
4538
1483
2738
4478
3911
1227
1698
548
867
11
1525
1020
179
292
4774
1012
141
2063
1684
1499
1272
2061
3988
694
4553
4181
2679
2916
12
705
1792
4775
1159
2874
720
2820
1269
478
2469
773
1634
4438
904
4508
1546
1629
1727
2827
4879
2494
1835
474
3627
4029
4658
4849
3282
465
415
3478
2652
1272
128
1297
2441
4539
3504
4351
2357
260
2023
4060
1151
4342
3759
715
413
3499
1736
4275
3786
156
2782
1826
1778
1340
3233
1245
1781
181
694
1644
539
232
3732
760
3135
951
3633
1862
1455
390
3566
48
4851
4385
896
2018
1683
7
681
3138
3934
2024
1255
1331
2752
578
1458
1236
1419
1346
1052
3085
1010
4306
4476
2969
4866
2125
4251
4651
1634
915
3451
1802
3341
1473
421
686
4589
4416
890
88
4802
1154
1812
4037
4595
4184
1366
1292
1508
3055
2929
512
193
1068
1216
1695
2201
3622
798
2980
4223
2739
551
4202
4101
1358
3804
1570
1618
2455
2211
3151
4974
1147
4079
960
2451
2597
363
3006
3231
4949
2829
374
1935
3864
3185
4217
3813
4849
4850
4154
3805
4767
4649
16
1485
334
4815
2717
1819
4010
4869
469
980
3913
3278
155
881
4881
1147
2553
4644
2747
2320
87
1644
4662
2669
1774
782
222
280
3677
1525
2294
280
2667
555
779
3357
910
1424
899
4374
2540
1217
1911
2467
2344
4309
3101
2325
4535
3981
4945
1338
3571
754
2356
101
2423
3827
2469
4326
1325
1782
312
2894
1861
2711
76
1630
4974
4296
4634
1616
514
4264
3138
2533
821
4878
176
1721
366
4111
3351
2652
3481
1719
540
666
4340
1612
399
2061
2841
2233
742
3226
3492
2298
1690
2433
4165
1483
3117
537
2360
566
1676
4964
2083
1293
1490
4142
2119
3084
318
1324
3979
251
2502
995
821
1907
3363
854
474
2094
2430
2388
3041
2764
2396
4168
4779
1131
4486
3227
3933
214
4916
1312
1361
2745
2124
3078
1450
284
4277
1323
727
855
688
1399
818
2117
3489
1439
208
3836
3387
1243
1107
500
1746
298
4079
4101
3269
1525
1747
3470
259
1497
393
2219
3548
1768
2903
3575
1972
3378
2590
4058
1708
4712
98
2597
1754
154
2299
3188
4082
2641
3948
1538
3140
2655
299
2284
3688
414
1360
238
3952
503
2417
3723
1933
2132
1141
2156
2388
2120
2704
878
4633
1909
2318
568
1909
1165
2435
2437
4149
341
1867
1016
2755
2599
4245
1893
1897
2936
1757
64
2787
3378
3874
2288
3140
306
3181
2635
3892
1708
708
3888
2696
1485
3486
129
1018
3170
1112
4360
147
87
823
2011
78
2627
3854
1867
3207
274
1506
2665
4100
1306
1012
3970
2195
3874
1160
1797
4860
208
2212
1690
3824
3386
266
1086
4458
3768
2025
524
565
1840
1897
14
2374
297
2406
2164
2627
2828
2063
4100
772
2767
511
850
1049
172
99
3298
1981
2443
1558
1140
2873
1235
1138
2351
3148
3390
2607
3522
1353
2006
1289
4615
3522
3770
3613
2072
4860
750
3
3902
2298
4610
3323
3264
1350
217
4609
3201
254
1604
131
2885
1092
640
237
2477
1320
1998
2330
4201
2089
3978
2550
582
4642
1806
2690
833
3770
104
3720
2946
2646
977
4135
2571
1675
1471
2185
4979
2991
4253
1979
830
4959
3657
1820
2960
3751
3455
3866
2202
2045
4828
2122
2324
3470
2694
1358
4244
149
1706
2796
4510
2401
4381
1372
4460
1991
3383
2674
1207
1280
4245
3726
2135
117
2095
1960
1631
1295
3921
1391
957
723
3613
3259
3889
4983
856
73
1899
1718
2284
1400
4818
4922
167
2730
4570
267
4618
1581
2942
58
1036
2427
3287
1363
904
150
2035
355
156
2816
1617
1253
835
2642
2268
3004
782
795
3878
3660
1086
3284
1431
1881
1509
4105
102
325
286
1226
4808
4268
1914
1643
1262
3195
2557
473
1819
2336
1752
2559
1895
923
1216
4303
790
4669
327
3684
1285
4784
3273
623
4853
495
4417
2897
1512
3455
1949
4585
2140
4935
1999
1974
1294
4804
3206
4896
1040
3032
3365
3770
526
2787
1458
2394
726
4891
4642
3708
1783
1360
987
2411
2459
1291
2730
777
815
3408
918
4218
3842
1393
4244
1684
2940
4542
3220
506
2162
3242
3555
1105
4503
2991
4179
650
2453
1892
4481
1266
3524
3822
589
1062
4034
877
3119
2619
2748
4793
2184
3340
67
757
4967
1077
715
4922
2181
1208
56
4310
4875
190
4610
2911
3978
3465
2058
4443
1195
1031
3453
2834
4888
809
4001
870
626
2565
3606
2449
2189
4753
2303
3984
553
4193
1224
1455
3891
2098
4234
1429
1547
3152
4886
3081
2439
2581
1966
157
1200
1411
1770
4914
3138
1540
4729
1733
2586
728
710
3144
4356
1375
1677
4812
2451
1575
1566
2741
3596
2856
3314
2566
4556
3622
3163
3735
2057
2631
4777
4428
4279
2318
234
1816
4349
4959
2153
1706
2471
1491
2403
2807
4093
1783
2262
4752
2707
4736
2091
2613
2994
2746
4389
3465
3791
3969
3298
4264
618
63
498
423
4746
4631
558
4452
1208
1193
2922
109
513
2440
4750
4293
4952
3600
2233
4700
4507
1692
1943
4598
1300
4455
894
4255
4202
2529
1867
989
3513
4748
3778
159
3048
736
4317
660
618
4956
3324
1271
848
965
3678
154
3005
644
2711
2257
2793
4195
4059
3616
3105
256
3666
4535
3039
4678
309
4925
4190
3376
3904
1195
2466
4519
3040
210
933
1078
1518
3367
4908
4892
68
4870
772
3545
3920
2174
879
501
1863
1515
3291
4773
1492
521
917
1223
17
1784
4241
1057
4805
1635
1342
837
4814
2565
256
2280
305
118
261
3546
3592
2082
2221
824
1259
4211
2675
4833
2570
376
2649
1054
1722
3438
1819
2782
3942
902
11
2488
584
2895
1389
1586
984
1350
2603
3633
964
787
1236
530
2713
2893
536
3353
2001
904
4927
688
2189
3135
1187
3963
188
589
2027
401
525
1848
4290
1949
2754
4704
1615
1325
1686
4884
1742
2563
2808
718
1063
2643
4152
4800
349
4892
1361
1406
1674
298
2215
2958
3665
1251
1827
358
2884
4401
2534
3349
1319
2680
4162
2333
1629
4424
311
3415
121
4380
3628
799
271
3188
3420
2761
1044
1553
3660
4877
3092
1863
2937
2175
755
791
1215
3370
1870
1606
2688
1061
2322
1432
601
1598
4405
1217
1276
1351
4404
1750
857
4695
2757
2511
1518
898
2918
2335
3393
1555
4421
623
667
41
113
40
871
4095
1529
2575
3571
2569
4972
3382
3039
2164
2448
3545
556
2797
1007
2991
1031
2149
4711
1386
1005
2491
1017
823
1929
2226
1501
2249
4972
3276
843
4875
4652
2552
5
1070
2184
152
3387
1594
3779
934
2167
4216
4080
3784
1723
471
1397
1217
695
2093
4930
1050
1303
721
811
985
2468
1687
1980
2225
4034
227
2125
4834
2738
2889
3159
2482
1441
3180
302
3660
1729
310
2103
2273
1398
2752
539
500
3099
1186
669
3713
2254
4157
1224
2473
1594
383
3308
4695
4452
4983
4195
2047
1304
2569
3311
3464
3916
1444
2495
4407
3205
4874
3138
918
3025
208
2219
4141
1613
3416
549
2848
3264
4539
1224
4640
3215
3522
1596
423
1618
1542
2478
1374
4575
3382
3785
3393
2582
1506
2655
14
965
4694
2256
1537
4349
1105
370
2364
2596
574
1226
2213
3476
1466
4578
3752
4499
2255
1043
3303
965
3497
2693
1079
4792
2336
3981
2261
3422
3605
4413
633
4976
3592
1714
106
1792
3825
267
937
1400
2653
2613
266
2945
4123
3623
3849
447
2008
3570
4697
2675
1792
736
1667
1489
174
4322
4221
3868
1406
4882
2497
3038
825
1400
2831
996
1337
2891
3405
4512
1149
3414
4622
1481
1814
1406
49
4425
1939
3193
2357
614
1955
1609
257
3107
1914
1256
888
3335
4853
278
4612
3550
2689
3385
2314
4583
32
3333
4928
1254
4062
52
2594
3107
1195
80
786
2099
4946
1111
1497
629
170
1021
4513
4847
770
4488
270
4921
2314
4224
1533
2210
1447
1838
850
1627
3120
1855
2904
1009
3127
3280
3957
2759
1810
4740
2268
1963
2659
620
1495
2783
2740
1023
2108
275
1999
282
71
937
4509
4985
1657
849
3101
878
2128
2647
1695
3361
3583
4297
1585
4338
1575
125
3323
4587
1781
1419
3214
505
886
3054
2786
1604
2329
1329
4056
3157
460
3447
45
3232
1162
3596
2921
3954
2835
2378
1974
2397
988
1167
877
1025
1848
1341
2749
1765
2159
1857
3485
3342
671
4937
4084
2399
4472
1703
1903
3122
2460
427
2115
4278
4535
2945
4380
2770
3283
2542
293
3144
223
33
4481
4397
2033
1759
4993
4753
4546
3575
4078
4962
1545
3376
3298
4910
3914
3999
4770
2280
2328
4069
1799
842
1808
1457
222
2285
3481
3538
3108
4964
4705
2144
4613
1000
4081
947
2311
2743
628
1932
4875
2222
60
1995
3908
817
4342
3648
91
456
479
1318
2529
285
1326
4524
1926
1787
364
2750
1458
1857
89
1580
1691
4471
2409
4922
1543
4033
2639
120
1186
769
3536
3634
49
3673
4988
610
4568
3498
2561
28
2857
2375
4744
907
2478
2749
2796
4010
4273
2463
4184
2486
3169
3404
56
1146
720
4860
1658
4162
900
4508
150
3653
3210
4974
2861
981
3105
3813
4542
40
1990
1519
4263
4428
3060
1507
4337
2598
1135
61
4268
140
2473
2951
2526
4604
4692
2803
1006
3452
2336
1135
3309
2788
0
319
3816
1457
416
4297
3695
411
3186
4533
393
3976
4665
2116
2708
3546
677
3107
3703
2119
2297
4288
19
657
3425
3380
3386
1909
2552
3833
2814
2063
2144
485
4253
3262
4412
3871
379
3875
3123
2874
1960
1808
3717
2425
2556
567
2187
4698
4697
4368
770
4614
1360
2183
4776
4519
3742
4589
2874
114
928
646
3725
3119
3348
3756
1740
3015
2418
690
834
2638
564
3011
3680
1305
3225
1587
2840
2034
3928
2358
3059
4385
604
3512
3953
3253
330
4381
1135
2443
1307
2458
1710
1046
4126
363
3321
4928
4565
4254
4934
2328
3883
504
3449
885
988
3751
1630
794
2462
464
838
2850
3735
3186
3515
1790
255
4235
3367
380
71
2865
418
3962
154
1107
3275
2139
1267
489
2465
625
143
41
1730
2085
1276
2884
435
227
4138
360
3977
2513
361
1199
1680
1977
628
4936
2106
1204
2501
4220
4290
1738
8
1308
2761
2664
3364
1226
49
313
879
2973
425
4080
4218
2328
1792
292
2805
2085
3853
4669
3091
1758
1246
838
4642
2868
1927
1524
804
4788
2886
1118
3881
2423
1141
542
1929
280
1663
1583
940
2948
2943
2606
4636
4109
4517
54
1694
2439
1114
3871
3157
519
2902
4503
1031
2784
72
132
1884
2584
3654
4024
4740
3738
4813
837
3888
2917
1939
2035
181
4750
1428
1121
980
3929
4154
3752
4045
2662
4608
694
2021
121
4688
4273
1845
1194
1355
3450
4574
4303
858
4245
3866
1839
610
2942
4172
4152
2861
1678
2842
458
2295
2406
4697
14
4758
267
1411
3522
2454
2275
4773
2422
2532
1095
2444
1284
489
89
1865
4163
2185
752
313
1676
172
665
1866
2681
3765
2392
403
523
2930
1968
3628
1499
1579
351
3654
3619
3742
1237
1732
2957
1945
551
3194
228
4762
751
1445
4523
4908
1614
2523
3267
571
445
220
880
4106
4000
425
3222
1683
4636
4772
4504
1679
2699
3417
4385
1830
3461
1843
4246
1329
1169
1081
4644
2429
1093
2930
4726
1419
618
2871
2762
3151
1443
4409
877
1230
2663
3779
1900
3947
2965
361
4364
547
648
4953
3388
3815
1387
4280
258
4202
46
865
138
4948
3330
97
3334
4230
2882
3654
3075
2991
3306
2074
4016
2599
2484
1346
2733
3314
3833
1252
2865
2718
1637
4760
492
2761
710
2382
4175
4205
2758
616
1224
1349
1239
4185
3122
973
3702
1639
3253
4444
547
2245
3090
261
2208
3388
265
415
1840
3532
3774
3922
1051
413
626
3235
3687
1410
3398
2330
3984
3952
1941
561
779
595
3314
4399
783
210
176
2294
2630
1420
4569
1386
219
4644
1873
1316
3148
4681
1771
3933
3913
2800
4852
1311
2525
790
4543
4688
3045
2800
233
1320
2775
4422
2350
4613
4237
4992
1323
3365
2810
255
214
3797
4540
1463
4995
1887
4938
1875
1288
417
4888
1122
4299
4027
3761
2409
2907
280
2204
2401
3572
1098
3538
4386
655
4608
511
3224
3704
449
3135
1333
4394
2669
3371
2975
4904
3433
4884
1451
3206
4460
3280
2354
160
2696
4954
83
3536
2691
62
770
30
3334
4869
4975
1795
4725
4534
4922
462
609
3911
4166
2299
2763
4554
1619
2473
4298
4450
2208
2619
3430
3568
4552
4761
2366
4153
4021
160
3391
931
2003
1047
2973
128
1534
2395
431
2569
646
2574
4110
3695
194
1731
4495
30
379
4173
1026
1660
2106
3840
353
2104
3549
2728
1284
3198
1894
3489
3973
458
3508
2591
1464
4234
1870
4455
77
3825
2037
1078
488
2610
3321
3008
2865
226
3319
4307
2200
2257
3266
2629
1139
417
4024
1516
276
2720
3302
685
1148
3
3238
4534
3453
4292
719
4728
1598
1614
1278
383
3015
4029
1076
2900
1296
1900
2280
4477
1838
777
3039
3963
4054
4139
665
4716
60
3839
2006
354
1214
2799
4688
3509
3396
4501
4746
1412
3051
4423
1098
2193
1467
2355
1219
2390
2262
4220
182
2418
994
549
2401
4264
1944
1846
2009
2682
1165
4237
3693
3090
1121
1182
4666
50
1183
4550
2006
2461
3148
3148
303
1580
3820
3010
668
3909
3889
3763
2719
3162
2229
389
4793
4710
1082
3984
1598
4669
2855
4847
4283
3700
174
967
525
4758
972
2918
1323
3969
185
559
479
1449
89
2442
2737
4107
1658
2280
1669
109
766
672
582
2388
4555
3412
1827
2229
2594
4864
552
672
29
4307
1232
530
3428
1342
1842
4018
4810
4597
1522
4766
1259
3124
3737
3847
1704
93
2119
4491
2175
31
1528
3601
1109
392
629
282
4885
2270
2277
1710
2998
3530
2459
4164
183
3118
1242
439
3326
2313
1638
2869
4818
784
837
3209
1981
1535
1398
2604
4686
353
2392
2175
1838
2060
1486
3276
202
3841
89
2038
976
2835
1495
4758
1605
4261
291
1975
4390
3696
117
4388
4222
2709
4204
953
560
1208
3985
4112
805
87
3789
77
191
2962
653
2331
519
1842
4853
4488
3748
2134
1707
1470
4566
2348
2758
4356
1778
3381
3487
1325
2198
4444
398
591
1168
496
1600
3207
2306
936
3799
3491
272
2815
3771
327
1549
4561
1592
4948
683
2140
935
2366
209
3210
1034
2525
3850
638
4890
3511
2444
2020
2907
2083
4886
3815
4275
2985
3629
2861
199
1120
3001
3213
950
3512
4972
4613
2794
218
1803
4813
1404
37
111
1472
2743
2338
2390
4379
2480
3610
694
3566
2148
1838
146
1292
3123
1606
4024
2382
4923
2046
2721
388
3920
967
4507
1798
1803
3546
1716
680
345
2675
2888
13
4133
4939
3765
925
1024
2117
349
2162
3232
478
499
2695
4263
4527
1474
1506
4070
3404
2826
748
4417
2370
4844
782
2732
701
688
982
1070
1303
892
506
4453
4616
4464
1236
4763
2362
1849
2447
432
76
4619
2433
431
1106
4930
3802
1197
4939
2898
2572
3023
4699
4405
3946
548
3361
3565
3830
2436
2547
2443
110
1038
409
3328
1447
2320
504
2137
2853
482
2457
4064
2322
1604
233
4849
557
1794
4449
1570
1548
332
1064
3119
2469
2683
2424
316
4209
1609
3630
2365
314
1993
2806
4850
1799
2327
3839
4127
2302
1512
3123
2747
3817
2141
4162
3191
2388
508
2879
3666
773
784
4643
1882
3013
1266
768
1565
2278
3536
4072
1985
326
1812
1512
881
475
1728
1423
2233
2967
1346
1796
4164
3015
3106
215
2884
398
3915
3157
3057
751
1593
3674
861
4338
4816
2187
1984
606
2006
3994
1368
3145
4154
2677
2852
2532
780
3448
4608
4123
4734
4642
235
3419
2716
4078
591
2252
3288
2428
4273
1089
3289
4767
1730
2389
1549
759
4669
1401
821
1882
1546
564
136
1670
2850
434
3050
171
372
4992
3358
4815
231
942
1426
1505
2785
3333
4594
4818
4192
1572
2480
2361
1591
2974
1610
3710
67
1510
2628
753
591
2630
40
844
316
3516
4883
2446
3453
1358
3593
1913
3010
3903
3540
3311
835
3354
2425
2601
4815
2159
3012
959
2357
1852
4838
247
980
190
619
1991
2542
416
1073
3461
2578
4058
3701
1730
442
30
3208
4754
314
1959
3371
1448
3683
2515
3838
567
3262
1915
3119
667
4140
1344
233
1025
3094
3568
3531
349
4641
1017
139
2539
1548
1214
2474
4008
2741
3303
2434
1369
1776
3246
1309
164
705
2039
584
2190
1773
2311
1040
2188
3556
2025
3724
4222
2218
717
643
105
1702
2554
1071
4773
4258
1541
2482
1398
4948
2803
3431
3470
3844
3
1061
2075
3319
1943
3575
2924
4939
2228
560
3522
957
496
933
3389
3743
4812
2315
1141
3974
4171
1859
4378
3395
706
3315
3854
3168
639
2520
289
4157
4110
4640
2093
1139
3266
652
2443
242
2954
4310
3805
966
4917
4415
1830
951
4206
4452
4471
3209
3803
2426
3716
1232
618
111
4158
8
2181
2947
4202
4405
2625
1840
730
822
3073
4350
1330
280
416
2698
2237
4176
1167
3111
2065
2776
4659
3501
2873
2662
2106
2921
2130
2393
1224
782
160
4046
4893
427
2337
1930
2242
764
4634
1689
1148
3597
4921
2238
2415
4444
3083
4915
1686
3967
830
4435
1034
1990
258
4327
1834
4354
3180
4926
946
4854
843
896
655
2061
1038
3661
4297
596
2213
3401
2138
2554
2768
1187
4694
1045
3973
4015
2171
2550
1310
2336
1140
224
3369
3930
688
2964
4642
927
80
1865
1950
3840
3977
2419
329
2182
4767
529
3011
521
643
4003
3103
89
4870
3380
2604
1043
4342
4124
367
239
4656
1818
4016
3704
3471
4152
740
3683
795
2430
3131
964
2094
2460
2219
2429
4803
1370
3869
183
2824
963
3910
3718
198
4033
40
4305
942
3114
154
1488
3670
4236
4606
1849
4933
245
2682
2763
971
2174
4097
4092
2724
2840
162
1689
198
1168
2761
4957
3097
2839
4085
276
3111
2205
1874
1375
1276
4175
3199
2314
2680
4414
3147
836
1386
3267
2588
1696
2591
1104
2392
3250
684
3912
4599
139
3616
1817
2729
1681
4669
3737
2276
2545
2913
407
2600
3030
4599
588
4551
1838
820
3673
4943
1875
2935
1634
98
287
2280
1468
3392
500
1277
187
1883
3075
664
3527
4107
396
1237
4688
3579
3429
1315
1159
4012
2086
4496
3095
704
1532
4098
3340
3666
2140
2404
3995
3532
4539
4069
1594
305
3876
831
3105
3652
2609
1055
1514
1137
3717
288
1420
4538
954
205
3062
733
1791
2807
4370
4604
220
3699
3056
820
848
4712
389
2659
2267
2167
355
4707
144
1700
3803
1924
4813
4676
4840
2585
1926
871
1054
914
3262
2808
795
218
200
2395
3476
3410
1846
983
772
3509
2647
1964
552
4229
4174
2654
4934
470
2577
2258
344
1234
2039
3288
347
3357
4573
4754
3173
449
851
292
4046
3829
3570
2149
4710
729
3241
3645
2752
1134
4225
1127
3381
4211
1085
4017
3060
2067
950
1905
4952
2565
2294
4362
954
3420
4947
264
3753
4569
4871
4000
1352
4149
1893
4748
991
4923
3590
2326
804
3693
470
4122
235
22
3408
1616
1307
2336
1009
1066
4548
583
939
1171
2358
38
72
1217
4003
3912
1059
3845
1256
3202
2201
593
3239
263
2197
4537
2281
4555
1077
2196
3866
525
2743
988
3493
878
0
3421
2979
4703
3990
467
4102
4379
4012
223
1522
1104
270
2683
1150
4772
1958
2179
999
773
3486
2967
614
2153
1175
4318
1723
1567
1970
77
4514
3966
1676
1977
1021
789
2047
873
2970
2675
3495
3679
3606
216
3482
3545
1202
3779
668
1955
3510
1925
4233
2175
4779
2213
2396
3784
3717
3214
2392
3698
3112
2398
2989
2462
1378
3921
3062
654
130
3454
56
3476
3944
1767
1789
3567
4893
207
1034
4464
1940
103
1870
1898
1529
2137
108
4377
616
1441
2666
1844
2505
344
2931
1630
915
2859
642
481
1223
1380
3432
3060
4223
3263
1408
62
1782
4104
569
4203
2153
4747
644
3744
1999
1083
1719
3137
3421
2511
3800
3611
293
2035
1462
22
1727
3347
748
667
1272
1181
2631
4135
4755
887
3675
4446
4206
4422
1681
4996
1406
673
460
3960
1261
1581
2836
4202
59
3066
4690
1038
4082
2302
2813
1977
2303
3113
3924
3931
2542
417
2629
1662
549
575
2278
3846
43
1873
2122
1154
4418
2449
1342
1738
2076
3990
2804
1657
386
33
1584
805
4794
1043
1649
2317
3057
3565
4138
2634
3375
2248
2674
4392
3539
4175
1025
4495
1023
3305
4540
782
70
3859
2362
3143
1138
1502
2471
3385
650
1252
1385
3697
4428
1521
4674
4658
4104
2560
4942
1544
3198
2667
2445
2103
2591
3287
1611
33
3882
2863
1926
239
4704
2368
4319
1111
1762
2909
4189
1056
2332
1547
46
3978
2225
2064
2328
873
4713
2704
2775
68
1440
2728
1968
3360
1265
3727
3085
4275
1435
825
2169
214
1058
2422
4295
1522
569
4834
4046
4598
3303
2191
1944
4479
4576
1600
3787
4394
3854
286
895
22
3615
4625
3393
4454
4512
4455
1847
2373
2042
4769
197
3578
3796
2686
2256
4894
1961
1199
1865
4964
3900
3670
1036
977
2345
4121
1962
1372
2422
3579
3748
95
778
76
1449
3230
2516
2487
4953
192
143
101
210
300
2276
505
1059
854
3649
2596
1208
1898
849
2921
4173
1119
2476
1987
1270
2288
473
4533
4831
1919
2833
4171
1295
1331
1853
216
1275
468
2955
3367
4072
3604
556
2973
3680
4736
1658
839
4905
3399
3344
1632
1090
498
2994
2622
2631
341
3296
4854
1063
1229
4156
2596
669
883
3796
320
340
576
3772
637
3454
2201
4084
868
4910
3212
322
2185
3989
3491
4737
2404
570
3810
1930
1282
2397
828
2034
2157
3950
1170
3508
569
4433
2806
3776
856
1797
301
901
1353
3230
4131
770
1949
735
3668
4523
2418
3763
2224
2538
2051
4822
3158
1165
1055
4496
1228
831
3809
2346
2830
2425
4977
2796
3509
1921
169
2646
4602
1491
18
310
155
2688
2655
1185
2589
1917
154
3269
3436
4493
4911
1174
286
3121
1166
3287
1118
2455
3628
3532
3632
217
1700
1398
1496
3056
2513
2239
4776
3240
4504
4807
3129
3837
1412
1949
1642
1775
146
281
1455
4738
3462
3770
4883
768
2597
2404
562
4371
1877
1604
3944
2278
522
151
222
628
1898
2816
62
2155
2747
3336
3093
2914
859
3835
1592
3377
1672
1313
4402
4335
4402
178
741
2618
238
1445
647
1506
804
3546
3239
79
4059
2703
4704
1085
475
1736
4341
4789
3283
1251
4413
6
84
3
1154
2083
2382
4914
4188
1814
1946
317
1291
493
3503
4283
1253
2413
4105
3694
1165
101
4455
901
981
4500
683
1481
3901
3237
1944
406
2484
3201
4623
964
3678
3262
2754
2303
3214
4327
685
3692
142
67
2946
2990
518
875
1924
4271
2545
4902
2758
4170
582
1176
3644
4113
4133
675
698
4162
952
1443
4764
2888
4388
1665
3334
1735
440
4256
501
463
3310
4252
1413
4445
367
4836
1389
2623
3540
357
80
2366
4362
2273
4157
2353
3910
823
1577
1847
4489
1141
1707
1525
1453
4284
801
201
313
3147
2185
3142
3682
4806
122
962
987
3632
1076
676
485
111
4829
4081
3666
1951
1774
1272
2903
178
2213
1525
1561
630
4172
516
2145
4191
4130
3967
3842
4471
3513
4361
1554
1267
3120
1355
3584
1832
3777
1014
2661
1662
4317
2179
862
3531
263
1064
4265
1851
2535
3300
1117
2943
4024
3621
1143
2771
131
1959
4754
861
3709
1871
1863
2018
1751
945
390
931
1501
3039
2916
4745
385
1027
4341
1724
4304
4271
251
3962
837
2707
1439
4734
109
1951
3304
1415
1211
682
3874
180
1213
778
1953
4916
727
1556
2430
1050
2702
2342
4809
3480
3239
3195
1288
1475
3329
3559
3294
2944
3784
1787
3527
662
3796
3972
355
3132
378
2071
1978
3916
1449
1304
1575
2736
360
979
1216
307
53
1330
1004
1460
3689
2753
4910
1887
986
2246
4929
772
2033
2388
2173
1772
4062
3802
1433
1473
2936
104
4169
1021
753
4330
122
2190
1026
3512
4819
3216
443
4764
2111
1660
2069
3045
3904
3992
4603
3236
2406
3270
678
1254
960
1042
169
146
314
2230
325
4187
1039
2376
2446
2551
1625
2142
3701
2185
4568
1217
4974
828
2839
2064
4853
3385
3525
2982
725
1787
4306
4039
4345
4937
1728
1143
63
2364
949
3347
1281
1305
4742
252
1830
1553
4757
3697
4425
1535
2814
444
3432
1754
3079
1201
3575
1820
4518
4282
646
1041
4391
2222
489
3724
4574
1139
3670
4399
3626
2241
2908
3338
147
4921
658
4270
1134
1806
4838
2066
702
1195
2584
965
2356
1446
3141
2901
1954
4171
3808
2032
1597
2507
4934
1105
1154
326
4600
2549
2114
2943
1839
4742
3689
4744
4363
2063
3707
4198
4412
3554
2095
693
1181
3703
4841
2951
2982
4917
3627
1929
2169
374
3963
1199
799
4838
1379
2161
676
1532
1517
2262
1376
404
2821
1616
3127
2572
3372
1912
3220
4510
2954
1395
1657
326
2108
1412
1434
2660
1118
461
1371
4036
4706
4609
2342
4188
3418
4260
1706
2885
4346
4780
1584
2254
1026
2753
816
2397
2898
4300
1396
4415
4191
1612
2891
4083
3141
1374
3593
4658
2037
2902
4036
4409
3914
4593
1114
2154
1998
3933
3946
1032
1058
1699
3664
418
38
1140
3277
1650
2997
1258
2445
4254
3813
4888
3515
3342
1565
4621
1227
407
2784
1548
3702
2471
1850
1855
4267
2706
104
422
99
517
1213
4227
3878
1529
385
1152
573
2170
2948
995
2168
4281
4781
1160
841
1054
644
2319
2864
4210
246
2320
4192
1548
3418
4340
4553
4082
3975
2662
2623
3235
1777
4650
3556
4259
852
1325
3682
2078
3280
30
1964
2952
4382
2826
1397
3061
3281
2878
400
268
2872
4673
4705
625
3163
4375
4252
491
3644
982
2118
3971
1593
3034
160
4943
1247
428
3867
150
321
427
3832
229
3161
4217
3695
321
325
785
1331
3125
4598
1151
4731
3270
3037
1529
2316
413
167
940
1702
4862
2979
3291
3452
1959
2937
3619
536
3050
1110
2026
2606
342
4917
1050
2159
3915
3960
3840
3217
4989
3151
1762
1901
3171
1863
4217
2226
528
3391
3955
944
3162
4056
2107
3791
2417
11
2989
81
4258
2327
4052
3181
2956
2243
3743
3733
2275
2080
2620
4218
2340
2283
1211
1367
1904
4178
3631
3060
1788
885
2208
3092
1247
3655
4484
2137
4934
348
319
3110
141
2525
2433
3820
311
1522
175
4041
1720
3920
3780
2559
393
4539
3361
4193
1164
854
2043
1731
3880
1776
973
1146
1615
249
3197
1746
3558
3389
1555
4447
4957
432
247
2853
4543
4091
2386
156
924
4422
2289
2062
3637
183
4005
1195
4464
169
1734
752
765
1217
1289
1787
4112
1413
2639
4778
4913
4062
104
364
312
2183
2816
4207
2596
1150
1041
1132
3677
4867
889
2153
2528
3806
862
4101
3740
582
1599
2697
4067
383
52
3677
1475
3204
4441
2385
3822
550
767
1349
167
251
3771
1874
149
1618
339
243
1124
1710
3406
2318
722
489
1348
2160
3280
187
542
744
2986
1475
2159
1930
1561
245
4083
2391
1078
2597
806
2106
4137
2819
593
446
1620
440
2568
1671
65
1584
4207
2647
4451
4103
4807
3298
2492
3953
3548
3667
4922
2181
593
872
4039
2337
2589
4916
4513
3204
3879
3788
3656
2712
3000
116
2391
4119
249
4890
4652
2992
3205
1058
379
4545
4744
1892
367
2023
1144
2540
1010
4516
1874
1281
4776
4456
1528
2912
2927
4163
1106
1761
810
1858
4562
3906
4351
1880
2293
2514
852
1311
1391
537
4441
4967
1590
1535
3786
4182
4402
4570
3892
3216
611
916
1450
3449
779
4931
1624
2753
2765
3378
40
2896
2159
2137
3659
4506
76
1913
827
4860
2533
203
3542
80
3241
2801
285
2621
3242
4261
478
115
4411
3984
4631
805
3534
2358
1876
2815
1066
1904
906
2570
2678
3497
4677
3806
4135
1902
4087
3832
3712
1472
1090
2316
1754
484
4216
1405
2593
1716
3113
4226
1738
1143
2237
955
3530
4407
4226
3677
681
354
3088
33
1855
43
3803
4844
4701
4977
1961
3595
855
3592
1997
3437
1112
286
51
2005
694
4873
3949
1664
1824
2800
2309
1900
2814
895
187
3994
2136
3191
1386
1845
970
589
2870
3707
1166
1154
1433
3620
2130
4179
4910
2920
4459
4897
2917
3838
1866
2267
2801
1259
4758
2507
3542
119
1211
1703
2775
2374
1729
4097
2951
1973
4616
625
750
3044
4850
4129
2374
1323
1785
913
4447
4576
172
1756
2528
2656
3204
2498
2062
1171
3091
1336
1450
1197
159
2309
1510
1754
4379
3199
56
722
2392
4629
2283
454
1770
1278
1474
3226
149
1538
4494
4931
2482
4215
946
1618
116
2535
1789
49
1304
1807
1663
3126
3340
1027
4112
3326
1935
4840
629
1876
3282
3755
1580
3402
2637
265
1075
3790
2557
2702
2676
4841
1389
4841
3660
1829
1858
1640
4612
4797
3036
2888
470
1305
1049
1768
340
1537
1476
350
1646
1090
742
1450
955
1535
1788
4130
3642
4354
3194
581
353
2883
4981
420
2973
3496
2159
4678
827
1646
4391
2763
3743
3006
3055
739
3691
2396
938
1968
3507
3124
2613
3993
4222
3830
3790
3433
3455
892
4018
4184
2621
1961
2115
2487
1847
4236
1362
4881
4
1780
2865
3832
242
3447
1277
2518
861
166
3490
4454
3963
1219
1207
498
2238
286
4603
182
986
2324
303
3653
1079
4930
2502
2954
56
4072
356
2778
981
1249
651
4944
1079
4177
2107
48
586
2368
1458
3480
3120
4415
3218
3444
3523
4160
419
66
754
1139
633
1429
3832
4510
3319
4021
3034
2669
571
1727
800
3283
2404
1929
2485
2463
3554
265
2570
314
4101
1702
1200
2999
2584
2607
3637
1964
1055
1291
704
3305
1903
17
2184
607
1437
1569
1331
4330
3985
1226
3003
3210
3636
4301
3045
2439
3632
4545
3020
1339
3136
993
4084
828
2088
1131
4643
1769
1022
211
597
1661
3784
3591
4479
218
2352
692
2851
1305
1422
297
2638
1311
92
3554
1999
113
4208
1024
4114
3803
1141
1903
1699
2469
59
4992
1806
4904
4528
2928
846
920
2031
321
2261
834
4560
167
620
4407
1480
1334
3491
4961
4443
402
939
1670
2151
3974
66
4323
1459
4737
167
3827
367
2462
4662
1488
2710
4764
4222
3201
169
4510
4113
3197
182
4058
2780
2934
537
4559
313
4257
1289
4235
3809
3470
415
4963
525
3307
1058
3480
4654
1518
2431
718
1483
4362
863
4717
3612
801
576
3293
1821
4611
3801
4038
4829
286
3816
3030
4895
3087
1623
1431
4672
440
3031
1160
4947
4418
3835
4098
3753
3493
4512
1462
4277
3461
1211
3773
4255
655
1172
1640
3671
637
1393
4833
2917
2270
2086
2634
2230
4130
1668
349
2713
3756
1271
3099
451
2881
3381
4009
640
3416
2652
4767
1555
1442
3442
4363
4280
1572
4883
4582
4456
2859
1935
2085
13
4335
4426
4859
1582
555
1808
2492
2237
3164
792
845
1734
4407
2984
2075
1379
1288
666
770
2799
4753
3637
903
1935
2536
3487
519
2704
3884
2490
2881
4740
2105
2692
4025
3183
4321
1588
4654
433
1350
1721
599
1157
3501
93
4146
1618
2821
1754
2437
4527
865
2572
1489
2820
4402
2071
2915
678
113
354
1828
3076
2539
2589
4516
3768
1181
3014
1770
4080
106
802
3623
886
155
1315
2517
2660
62
821
3874
924
3275
717
1201
2655
3203
3500
834
2148
665
2520
3912
3883
3845
2059
1316
1579
4607
4489
1296
2841
4705
324
4015
3521
3688
2954
1467
394
3004
4922
1479
1518
1502
2706
4335
2279
4610
3948
3940
1848
1757
2371
4404
2842
32
3433
2777
822
2398
1874
1600
963
1218
350
1470
1472
3909
1546
1190
1364
3511
585
1718
732
3323
2330
1099
2653
3936
2906
4193
1019
2324
219
2256
1289
820
1276
1779
2210
610
195
3034
1119
3663
2024
2979
345
1649
3948
4397
3930
854
3723
2189
2799
3073
845
4221
4857
3900
3171
4153
2941
2863
1608
99
3448
32
1238
4570
190
3556
4171
2399
29
3997
2035
2208
4486
1533
552
4712
4876
1713
4718
2790
152
3345
4204
2877
4555
1863
3089
4749
789
1590
707
855
2591
4437
2278
2999
3484
2108
2682
1245
605
4982
3150
1812
2509
1440
372
2743
569
2409
573
4016
4493
2218
4214
4923
835
2592
1547
4203
317
1048
1379
587
949
2674
1668
1208
1242
2625
1537
2037
2574
626
3145
2815
3999
3043
2122
1082
4731
1134
3829
4731
3495
2102
684
200
4600
2728
745
1340
3243
2038
2185
2344
2035
3024
1689
4478
2426
2492
4007
1456
3554
3504
3644
2377
43
3501
3673
465
3968
1791
2040
3327
4101
890
2580
4994
2412
1855
1732
2817
2256
3615
844
620
17
3943
3468
2618
4194
2884
4756
3164
743
4137
1816
4418
2699
4303
361
4148
2777
2389
2141
4332
1457
272
3032
346
413
1428
2259
888
1548
3628
2004
4664
4183
2990
1445
1570
2979
1002
377
2274
4766
2685
4836
3994
1061
4657
3915
1836
237
2807
3309
4570
513
2960
4864
3209
2636
2544
4998
2875
1815
948
2241
1868
3941
3438
2837
2344
644
70
2693
883
831
3947
2033
3457
194
2562
758
4679
3318
3638
3566
1465
3886
4921
2826
2518
3232
1474
2094
4465
256
472
3364
2145
1050
2662
403
1011
4399
1567
4384
1998
3729
131
1670
1295
1130
4811
2011
3046
3570
4578
3179
3041
1232
3148
1368
3656
1475
3595
4538
3641
41
352
3036
4085
159
447
751
2546
3578
766
1131
1146
2214
855
1931
1060
4173
1451
2952
4290
970
498
4561
155
3174
1193
4098
1225
3451
2227
3866
1757
3072
2531
1385
3266
2732
3448
3266
3687
94
1194
4469
2001
3548
4836
472
3601
1130
3555
3559
1673
4542
3142
1834
1493
2378
3095
3782
1808
1442
2561
4390
2996
2758
4977
468
3942
4193
4034
642
4537
1827
2404
1702
754
3420
1508
3798
3668
4243
3218
200
3213
4502
4431
3501
808
1938
3918
3422
2901
2310
4965
4271
1606
4011
3915
4268
2355
3478
908
1122
800
393
2739
3223
2277
406
1639
1188
542
558
3561
4473
1140
114
389
3074
2989
4223
4751
4641
4519
271
3912
2212
2435
478
1593
1465
3959
714
719
1255
1012
3375
1568
191
3426
2130
1709
234
4640
3092
1496
4372
3600
1297
2751
146
2450
337
3242
1528
2592
2431
4050
4694
931
1777
1818
2132
2892
615
1987
3675
1005
399
3746
1854
4737
2407
4533
2377
3672
829
1654
2584
3488
324
2358
4852
1977
120
1990
2866
31
3244
202
2044
4838
1794
1119
3803
273
779
2871
1021
4979
4823
3458
460
3730
1871
3103
3528
952
2560
764
3726
2916
123
4690
104
2185
452
3460
1063
3965
56
761
4598
3036
922
2584
3177
4206
1159
1708
4782
502
3208
2608
2418
4373
1272
588
3983
2623
1975
505
1573
2676
2670
3170
431
4289
876
2299
3759
200
4793
366
1540
4469
4985
324
1643
939
4058
1473
1452
1903
1386
4659
1063
4850
2019
4260
4047
3197
3104
4654
2365
544
3365
326
368
4571
209
252
4987
4297
2807
2226
2599
3146
1846
3939
4755
2008
2438
4783
4145
2412
1692
1332
1660
329
104
3798
103
1713
4876
1938
1502
744
4959
3863
531
2142
4307
1783
1242
496
3500
2493
2510
1441
875
2358
528
4861
3841
3893
3213
2558
4664
370
3631
1891
3870
4059
1311
3349
3795
414
1313
1716
4790
3357
4312
4482
4458
2915
412
22
1927
4190
393
1795
1870
4997
603
3394
933
1236
86
1238
644
3310
3866
366
87
1770
2911
576
4565
1393
3821
3884
3616
1327
1184
1367
1222
2928
618
2777
1031
517
377
2249
2208
4527
4082
4023
2032
3883
46
4642
2641
2175
3413
267
2337
3300
688
2002
625
1676
2443
3584
1782
4398
3930
941
1126
2127
835
3418
573
1547
4365
1441
1929
181
2536
4076
2274
779
2845
2332
1239
550
246
859
2093
2961
1505
763
1921
159
826
4136
2519
1601
343
4180
4971
1840
807
282
3201
4760
3645
309
881
2214
618
2865
2453
1044
2617
3930
1917
275
4807
84
3179
1400
4467
1131
4899
3457
4010
3613
877
4377
4830
4356
4526
4418
3367
920
4451
43
1746
388
1575
4139
1522
1151
2943
3437
740
2430
2733
1445
1160
104
74
4977
292
2443
1976
1443
1731
461
2558
1574
1807
877
828
1006
4346
2099
4442
1925
507
1581
4101
2724
4295
3908
2010
4127
206
3119
2709
3484
3599
4526
4076
4157
247
4097
4839
1084
2886
1185
3923
1143
1770
983
352
3236
3736
4805
1184
4574
616
1090
3977
1296
449
330
268
1153
1245
4652
1838
769
46
3942
4367
1812
3369
3862
3378
2069
1066
2666
2612
4516
2992
4211
2145
1531
690
1469
571
4565
2
4482
996
3672
2889
1055
3990
2732
707
751
1616
2004
1420
3159
3020
3221
2548
2339
4519
109
4559
4303
2457
3926
2592
3463
686
2339
1287
3738
316
882
3208
4621
917
2995
1982
941
1263
1720
447
735
43
1917
1730
667
4459
3305
3447
2958
1159
1941
814
1407
4106
2317
466
4477
1960
3133
1839
246
1019
2150
2554
2739
1542
129
2792
4058
3065
3380
3402
1756
3854
186
3519
1937
2692
4391
2274
1984
2162
861
1438
1812
3862
2272
4823
819
3455
177
50
536
1167
3865
3136
2900
3869
4732
1776
3696
3258
2080
3051
1030
1291
4126
187
1657
2918
680
1318
3514
3432
652
503
2029
2614
1016
2182
3891
3627
2454
17
3904
1602
4466
1667
4232
2636
2482
2316
2358
291
669
1186
1909
3792
3231
2062
3195
1618
4316
3410
2243
1841
1122
1241
2249
1906
3181
4071
691
2971
3277
3835
1094
514
4266
2634
1999
1849
83
2495
3460
500
2795
143
42
4838
3557
4705
1903
1465
1546
4694
698
228
3105
1581
2418
98
270
1403
3285
2417
4213
4993
2067
3984
984
3302
993
1485
264
86
2938
2573
585
3339
1675
1645
2186
67
117
1945
3795
1858
1473
1243
3990
3610
1695
3974
3963
2329
2104
2699
87
3906
461
3212
1981
4781
1607
791
1777
4259
3176
3086
272
4197
3121
4628
2219
2029
3318
3202
2126
2135
2759
732
1660
4113
2920
2133
2813
1081
4876
2218
4515
3454
2437
1749
2025
961
2599
2217
4397
4413
238
966
3263
4989
1828
1245
18
1397
2272
4966
2244
1605
1116
2743
2249
4033
917
1065
1084
203
2697
4182
2136
2373
2299
3269
523
1810
2794
249
1156
805
4940
262
71
3532
2005
2686
3503
4214
3660
2083
2260
1354
400
3902
3453
1778
1958
2912
3839
16
4495
2766
846
168
1872
4330
1524
2838
3849
2576
3880
1689
1778
142
1920
3185
2298
3344
1082
4605
3379
59
2695
3552
2299
4032
3993
4916
1532
1099
4623
4687
1494
884
2334
2734
1658
1077
1483
103
3018
1158
414
3947
4464
4894
4137
3388
2581
2419
2186
2468
4307
1212
940
910
1869
1692
3077
176
4341
3009
1083
1161
3822
2950
4312
2359
1379
4774
2032
205
4855
3923
4633
4691
3695
3390
4459
822
1629
4543
39
1322
3006
3518
1796
2221
1998
1947
1472
3981
1538
76
1044
1925
3903
2117
2747
1564
4969
2341
1677
3590
2815
302
1431
2424
3845
2925
261
4318
1049
851
3890
4383
3018
2307
3007
3515
102
829
3203
2451
3492
1618
1970
547
4225
273
2400
2028
46
282
792
3484
4881
1232
1192
346
3507
380
1327
2180
2515
2288
1243
1795
4337
257
884
210
3037
4178
1085
867
4785
2612
964
1139
3412
810
4055
127
1745
220
2697
1423
4639
1386
1397
3585
1026
2755
2619
1561
3298
1926
3393
3399
3938
2938
4684
2730
3884
497
3423
1436
1987
4850
2002
1126
2385
3623
3983
3630
1114
3900
2585
4485
1272
1402
1710
1430
656
4402
431
156
734
3181
4893
3195
4709
1036
1070
4809
2393
2564
2312
3830
4808
244
2541
707
430
1810
16
2767
3416
3186
3056
296
4564
1192
1658
632
871
329
1771
3437
3295
2669
1318
2109
2058
2592
3579
3497
613
2425
873
1346
482
1362
3605
3930
1900
2737
1011
4701
901
62
1349
327
3827
1638
722
4335
2126
127
2752
1260
3981
2974
4805
767
73
765
922
4154
3425
3097
3786
1975
2688
355
1393
2620
3980
277
1848
749
32
1631
4880
3827
4509
2890
4941
915
4092
1278
1894
186
1928
3719
209
1720
4290
1605
916
2146
1308
796
2914
3941
1553
2264
4514
1912
2220
4269
126
4161
3185
4583
2939
3354
4890
1070
1380
2373
2355
3612
2892
3390
800
497
3947
1681
4997
2974
2089
2227
341
4313
4985
4093
4191
1713
1216
2486
1702
1059
3310
648
2488
4028
4451
4247
3314
3800
358
3173
18
2082
3546
2361
3165
2636
691
4288
3394
3929
4304
3621
1670
2874
2216
1206
1393
3982
2154
1103
1409
2957
1047
2315
4286
4663
3523
687
3725
2440
452
1937
1097
1759
4602
3593
1119
968
1136
3416
433
2574
369
4934
1502
2205
79
1520
935
3935
2624
66
2621
4317
82
960
1369
3536
3897
2404
668
4856
2334
4219
4360
2837
906
200
126
60
2003
3790
746
2669
4966
4248
4948
4539
70
435
4809
2091
4795
2223
4449
2689
2647
3081
210
583
1189
1901
3213
4879
1627
3034
2255
2858
250
4766
3483
3754
1571
3140
3181
3094
180
4026
3882
844
3011
280
919
3556
3779
966
4375
4897
4229
1566
4801
3627
3960
2762
2105
2844
2748
559
4214
24
4531
2026
4548
1320
841
49
1339
2312
2742
3973
1311
823
2449
310
2457
1320
4327
3536
2174
3735
1876
1765
47
2309
4874
1884
2617
592
3904
360
1117
4349
820
3420
51
1303
1836
1101
4730
1676
1786
2640
307
2918
2950
2246
759
2960
3064
4948
3222
729
894
424
2834
1926
1770
3938
2851
931
1560
4007
292
1505
830
2540
4550
1519
909
4273
4852
2658
1624
1355
2310
2607
643
3662
1914
4475
4021
2995
1263
1681
376
4519
4268
123
4897
2444
2049
3708
435
1692
3820
4518
3681
219
2671
752
4900
4468
1879
1850
137
2526
520
803
2143
2905
3456
915
1407
4852
2338
1125
4909
2416
1899
4671
3606
3163
3978
1437
2346
3302
4691
1530
3132
3367
1869
3753
3904
1286
3509
3196
3685
4106
2578
2690
90
1940
4370
750
1302
2167
317
2334
2866
2181
2497
1225
194
1238
3005
1972
1293
3421
651
3039
2584
1675
2967
4547
1809
3488
581
759
499
4590
114
2188
3686
1897
2857
2037
1657
436
209
4547
1418
3270
2045
24
3828
1285
4636
299
2835
793
3122
2427
612
1444
1855
895
1297
2297
1454
4260
683
787
3665
1953
2616
4671
1867
3488
3904
3468
1550
4046
3219
3137
206
1429
1085
2304
3902
1743
4092
1091
514
3199
4897
3452
2252
4290
533
2561
3170
2468
2287
583
1064
1144
2595
2478
2498
2863
276
78
2245
309
4717
96
4166
3688
949
536
3667
4299
2137
4682
2681
3442
1063
90
1246
2735
4248
4360
4216
2572
2460
4108
741
2658
3125
1071
596
1882
1485
698
260
4321
3385
2690
2020
2401
2043
1068
699
2998
3370
3862
929
4670
3837
2063
3221
2965
2656
4703
2832
1351
3533
874
1194
3127
4734
1520
3459
776
2346
769
4701
3570
487
3624
3312
1056
4864
1765
3526
4375
2446
87
1313
2441
3659
2314
929
451
4765
4221
3170
3468
240
2631
2053
3455
3975
3436
366
3738
84
4042
4198
2048
2774
297
2874
2724
2851
1570
4044
2631
46
1742
800
740
2306
403
4418
4402
608
1547
4134
938
1421
4981
248
2746
120
2280
1509
1776
4331
349
753
1947
3023
3733
914
3366
1317
2203
4749
2310
2874
2443
1112
3135
1730
3666
2104
1066
4009
3936
1076
3666
3861
1300
3305
4375
2304
3214
4600
3786
1590
67
3661
4730
569
2956
160
4062
2981
1464
3201
620
889
4428
2648
1082
3522
520
3003
4355
3743
3876
796
3908
1216
1042
1586
455
2384
3861
1031
1016
1309
1347
1121
598
3005
1151
4253
1012
204
2698
4793
1809
611
4635
560
3389
1683
4388
3428
2989
1218
2479
2079
1272
2317
1441
514
4066
471
3238
874
2601
2041
1189
3631
1255
3411
125
1583
0
4985
4792
515
3324
1817
1927
3144
1751
4852
2542
289
1655
2260
3322
2387
3253
101
808
1649
2560
3238
2288
4489
2263
4746
2137
1750
1605
1962
222
1991
2465
2269
482
1960
4655
2539
4865
1216
2449
4078
31
1099
3778
4787
4140
1169
237
447
768
1079
4793
3381
4419
2612
1608
2791
1744
2174
1360
3787
2107
4534
2201
568
4745
785
3488
4600
3399
2040
4651
49
750
1203
1518
2207
2901
2090
1654
1108
184
3796
52
1851
4431
1267
133
4721
4178
1127
663
573
4443
1946
3118
4641
1404
1476
1784
849
2715
4329
2645
860
835
1008
1307
4489
662
2492
897
2244
72
1552
2435
2856
4589
4622
1917
415
1381
3737
1699
32
55
3949
1481
49
4827
1355
238
158
4389
1009
839
1480
3039
4289
3313
4320
4246
2241
2638
3654
920
3
2004
4934
3548
4366
1162
2698
843
4660
2084
3134
925
2245
4209
831
2695
1109
2748
1885
1924
4225
992
2052
2889
4888
903
3717
1869
1575
4973
2546
2065
4333
4792
4338
2428
329
4954
4034
3899
1921
4242
4637
4271
2220
40
132
3231
1489
784
2489
1288
2570
4985
128
1457
4476
2255
2416
908
1024
3349
769
618
862
1102
3887
3742
400
4966
1526
4661
1374
1565
2557
3164
705
596
735
203
1081
3483
1144
4841
1618
4818
2366
3128
324
3207
4480
1202
4795
567
2579
307
3207
2744
1882
233
2308
1294
1918
18
1172
3413
1471
3677
2051
3159
3369
1228
4068
4253
283
4640
627
2611
596
3365
306
2176
1694
1751
776
2315
1871
4333
3350
4724
958
1037
4604
3082
2131
705
1140
3417
3674
3273
3756
1823
98
3929
2466
3006
4433
4667
835
3372
1826
408
4589
3009
169
3484
2142
1633
4950
2511
3341
3556
929
4987
3983
2898
3725
770
92
3946
256
1344
299
804
3697
4242
3355
3390
307
837
4932
3924
2169
3577
1709
3828
3738
4791
215
4449
2760
2433
3058
2790
4243
2306
4127
125
2899
4270
2981
3336
3862
4211
912
2208
3815
1951
2183
2788
4480
3755
357
1749
2377
2201
3034
1487
2793
2691
530
1274
884
4
751
3642
3301
1218
163
2572
2726
1340
2592
1963
4862
656
2971
3257
1971
1313
1694
2321
3481
3191
4926
1677
3913
2223
4996
1043
3749
4429
3375
510
2314
1671
4730
2138
1527
804
4202
2631
1990
428
2308
3402
184
857
3604
3529
4862
3735
3536
4613
397
840
4510
1429
4577
1828
2395
128
3510
3647
