3678
1585
4585
1305
2642
4638
1747
1477
2862
4186
4523
3669
4511
3515
4259
257
454
3567
284
4257
1811
1502
2550
4328
2090
1860
3801
4251
4949
2283
1564
1932
3738
1305
955
3562
2791
1254
2446
4875
4771
2625
2168
3869
1286
4643
4542
3626
2140
1068
257
234
965
596
1788
965
3873
2437
914
105
899
3103
1210
1352
2515
2236
365
3118
4920
3502
1434
3394
1278
3909
2431
2227
4404
3757
2138
2933
2369
1087
4912
531
3217
4999
1839
319
2410
718
2079
600
1988
689
2847
3475
1184
738
2013
2886
4647
1118
2157
1041
3639
1390
4518
1006
4730
4761
1832
2554
3975
3322
1123
2724
2333
4902
3173
3717
4765
937
26
3513
2008
3017
201
1917
1465
1539
2676
4569
2819
821
3720
305
4726
2948
4142
4030
55
239
2993
1506
333
300
2800
2108
707
3017
2455
3736
1315
157
1217
411
2751
2816
3817
1630
1158
2736
4562
896
4445
3013
4810
2241
2420
4832
3518
2844
4563
4759
643
3445
3668
2380
3753
1076
3194
200
932
3752
2979
3810
3086
3887
4098
956
2663
2205
1376
1951
4686
619
1460
2309
4237
1386
680
1120
832
3320
2670
4338
4390
4434
3443
2756
2596
275
1579
4827
2742
620
3989
2391
103
2557
3928
1366
2522
1178
1006
2945
498
1281
4960
309
927
843
1778
4261
770
4585
185
1974
4500
2946
2970
219
4450
842
4573
1722
1603
2532
4121
1462
2172
524
1513
582
2604
190
4480
1775
3716
379
1273
2293
1698
4429
2995
3464
4526
4024
4843
1580
3051
4324
3874
857
2098
472
2280
2157
1892
2858
4232
4950
3471
3988
3054
3197
1163
3825
2847
631
4797
3040
3120
3294
2948
2832
458
1839
2026
2813
4076
1821
548
4089
2785
4662
3670
118
2804
3852
2569
2371
185
2383
2447
4102
2214
1945
4880
3538
4394
3467
2933
1577
148
2022
3965
4147
3607
4796
1399
383
13
575
2079
2400
2954
1154
2188
4524
2874
4279
2714
1490
4461
585
2979
1346
1817
1548
2787
426
3489
3137
3820
2093
3934
3638
1391
3342
4659
1109
580
2726
1173
4404
2852
4058
4866
453
3253
3921
3913
1823
4830
2501
4547
4749
988
3919
3848
940
1268
224
2813
2563
1889
21
3516
286
2520
562
1373
2388
3475
3555
772
1851
427
1271
2859
511
129
102
4273
2386
2703
636
4011
129
3362
1582
2754
3275
1826
4381
3357
264
310
745
4328
1095
3698
591
357
2536
4954
3142
3955
675
787
886
4580
417
3656
3114
4771
18
3539
3000
4197
4814
1260
119
2143
384
3855
2912
1121
4287
3753
1208
1498
3335
2459
620
996
3825
4162
2782
561
4550
1198
4392
453
1017
2337
4030
2078
1285
1899
1337
2530
260
1276
1337
2552
3851
1865
3778
3722
1586
627
1610
2080
4568
924
4714
985
4126
3979
4796
4590
2435
2882
1220
4215
4296
1718
4945
866
3669
4694
334
4745
220
2040
2532
1444
1171
2185
4579
1551
1944
844
3712
60
3265
796
2113
3564
1377
3253
4223
1970
3666
1112
2139
145
2303
3309
3980
4968
2168
2262
3248
4354
4580
3689
2561
979
130
1799
322
2776
1905
283
1994
3582
2113
2205
1696
3053
3577
2871
968
3326
635
4047
860
1371
2684
127
3047
4607
2160
1217
4582
950
2758
4559
1304
245
1119
578
119
4413
2453
1330
264
1020
250
4861
1983
1549
4862
1923
4886
1209
1110
2737
736
1030
3153
4460
4545
239
2076
1601
4641
1900
2536
2258
1896
2491
2586
2980
1564
1791
1332
2871
48
2144
2099
1365
3903
4459
4432
3231
2394
2332
2611
2812
4223
3337
2556
1259
4667
1481
3492
1340
4440
652
4532
3130
1266
660
3891
811
3046
2477
4654
4763
4437
3649
1924
3901
3024
3272
4320
4428
3164
334
1874
2793
2256
284
1503
286
628
2108
4968
2411
2404
3967
4961
4486
1829
4625
3611
4304
4208
3424
1364
1134
2541
4160
4812
2541
2321
4483
1620
810
659
4087
4315
1320
2107
480
1737
35
669
592
1511
2445
525
1380
102
2911
4794
1185
1768
507
488
1590
3236
2079
1728
1996
1229
245
2179
1204
4565
1944
1064
1087
2334
4385
3458
2004
602
4971
4053
101
115
1964
2042
3507
4069
1493
2929
1300
3139
2124
3574
4481
4879
1432
3159
2405
4158
2324
2086
3787
1452
1672
426
759
2547
868
3394
2320
4970
3294
1069
2964
1988
1070
1531
3741
4341
1520
1721
1162
3412
906
955
3449
1502
63
3482
2563
2496
907
4472
1433
2871
2032
4746
2758
3019
4232
4182
1132
617
244
260
1204
4248
2756
3746
1552
694
784
450
2820
796
334
3599
388
1143
4277
904
3807
2657
2082
1412
1117
3319
1569
3815
364
1028
3598
1652
4225
2847
4260
1731
3238
3768
4598
308
4727
3504
4116
4957
1321
1641
2401
1577
2204
1908
4650
1890
2168
1970
985
4616
3663
4589
2563
3450
2090
3072
2670
2884
3462
3100
287
3306
4944
1636
4828
252
1055
1515
4013
3266
3105
2053
2520
2370
4649
267
3262
3928
3375
1979
640
437
4904
1304
1565
491
2303
2093
3040
1295
716
2344
2006
4904
4132
2620
4029
2784
4946
767
12
1032
4309
2350
694
865
1785
526
392
1064
4546
3445
1958
402
1751
1455
1097
569
3371
2485
3652
2709
4474
451
4599
1398
2770
3473
2907
3984
815
2901
3150
1096
2460
1534
346
3823
3222
4284
1130
2301
267
1878
2668
2912
1660
332
181
2572
1823
1159
1337
2589
2696
1821
1986
4219
288
161
4516
4573
4158
2387
438
3394
318
588
3947
3179
1343
1508
994
3197
2050
936
3922
1006
399
3822
3810
3646
578
402
3048
1576
4958
1454
4593
824
4744
2334
4801
447
3248
1530
2619
2813
4804
1943
2394
3278
4613
536
2009
873
2797
1257
1456
669
4281
1181
3480
4724
556
560
2554
2717
1381
2719
1042
1924
2194
1622
2058
4373
2972
3234
4172
3569
1996
17
3399
2568
4807
1463
2702
168
2878
3235
1126
1988
2929
1193
2191
537
1302
2352
2044
397
396
3510
4766
2024
2316
3875
2470
1528
2690
1004
1618
3135
2673
673
330
4672
2013
3289
875
2483
2357
3172
1675
228
4280
1546
4446
1298
2054
1250
3297
1943
443
3397
4629
3884
2256
1388
1807
2263
3379
2870
4677
2239
2304
3455
1675
623
1328
2310
1990
1937
2152
1590
1433
2525
4581
1688
2951
3786
3983
1942
3744
2092
1579
938
1535
1823
550
672
1491
1035
3790
3002
4573
3168
2755
2659
2737
3324
1694
3190
4089
1979
3953
992
1614
1190
88
2203
4680
2495
182
2796
2632
219
1635
831
4588
113
3196
4689
4763
2475
3755
1167
4033
3699
3353
4029
13
3624
4833
121
642
2080
3071
330
3555
3176
905
1507
346
1250
3445
1932
4866
4806
3987
603
2163
2892
3124
1150
1055
856
883
3892
3987
399
2587
2525
1279
3706
1313
3968
2162
4433
2283
4
943
2306
449
848
2165
2130
723
3918
2702
42
324
613
3605
1477
2421
911
1078
90
1093
4379
2401
861
3639
4556
3271
931
4477
2353
4592
3326
2988
166
2588
349
4911
4306
552
471
896
2003
748
1993
645
4055
299
2055
104
116
1738
1496
3617
355
3212
3701
3855
3512
4541
602
445
3501
3686
2998
2354
1880
2952
944
3796
3794
733
403
309
1417
2035
1363
1030
4720
1290
2992
2651
3053
1753
1034
1000
2916
1860
790
275
1466
992
1593
1953
1773
626
2017
637
3194
549
140
2150
4054
3362
4843
3929
1609
877
1263
4799
4232
3205
1984
2937
3762
500
2610
1328
990
2520
2792
1865
4707
1418
717
1746
3823
1405
4441
3326
3604
2313
3088
3871
432
3368
1666
1957
1244
8
4446
1889
1511
3099
2752
3527
4964
1939
3693
3236
801
874
1397
1756
4273
2497
2200
879
1373
2447
3116
2836
2358
2532
3422
2863
3870
4415
3606
983
2664
53
1072
2243
4381
4531
4504
3919
4129
2918
2470
1433
2477
800
1546
2769
4350
3262
2138
1488
2277
4448
1914
744
4616
80
3875
1340
4842
1671
3351
65
735
3452
3708
4654
194
334
775
3304
2410
2636
3995
1177
674
987
1978
4657
4408
2328
1802
718
4457
1839
732
3320
2523
2251
4057
2600
2723
3503
2918
4651
695
532
4562
2921
4670
4308
54
2266
175
3183
732
499
3416
555
4682
1869
4297
3969
3801
2328
896
2789
4953
998
2437
927
3752
482
4184
856
2043
2651
3074
3975
4948
2460
1362
1757
2924
3854
2009
1229
4786
1279
1560
2896
445
245
4152
2575
1991
2854
2945
1971
2058
1674
4400
338
2919
1603
1499
1802
4789
1139
4311
4883
4655
927
1652
1184
458
275
3942
1871
669
942
1024
2905
1073
855
2788
4892
1027
3840
4790
559
4479
2402
3202
373
3391
1426
2003
2525
2941
1346
2830
641
2582
4827
1989
903
1983
665
3992
4253
2532
2455
1097
3680
3862
629
2703
13
1277
3983
678
2929
1207
1632
2317
3271
1104
959
4168
4105
2610
2505
4038
4825
4494
3439
4958
4656
620
1625
1622
942
4168
4330
3364
355
437
4494
1144
4925
2750
3682
457
2731
2259
3580
2200
858
3241
1219
994
4662
2629
1935
1489
2827
1874
2123
437
996
3281
1146
2743
1324
4544
1160
543
1267
142
1539
4575
1731
2326
2722
4575
2347
906
548
4754
3380
2786
2604
3849
1051
3390
2724
1254
694
304
1784
1140
1139
2365
4148
253
3205
2269
3080
2652
1791
3880
2243
372
2654
4292
3126
3544
3435
1445
74
3333
670
3436
2756
1933
1097
3540
1048
3085
1828
8
3869
914
3876
1832
3016
1263
3978
2822
3538
305
2737
3580
2318
3431
4504
3113
3534
708
313
1964
1621
3272
2680
759
3163
46
2432
519
3852
3719
1979
4155
906
366
665
3900
1524
3797
3387
4092
1527
1952
4719
1657
1636
2328
2511
2356
2594
2780
2645
1573
1046
4123
4482
4962
320
2516
2584
24
1703
1338
4788
17
3200
4010
2232
4038
915
3399
1831
1911
1582
1640
3787
4856
4230
2088
955
3534
2803
1534
4993
4875
2204
4118
1268
1430
4571
344
1656
1543
4866
575
1247
41
2133
1421
1346
1513
1586
4293
4296
3446
4319
1249
259
4873
1595
2485
2542
2263
3896
1579
1723
796
2039
3473
581
187
4036
1288
2954
2283
3299
3046
235
1316
1868
4471
3439
1611
3099
4919
3652
1041
899
2723
959
499
1619
4208
4559
4334
2225
356
941
985
495
3852
622
895
2916
4246
3516
1549
3356
4584
218
3337
2642
3936
982
644
245
2933
124
4450
3024
3606
3681
3247
2423
2698
4949
2947
1919
903
1181
3649
4445
3903
1407
629
954
3176
2423
4132
1085
4699
3082
4705
3009
2888
2417
949
1440
2439
1824
294
3481
2042
2719
1188
2982
2073
705
3176
417
1862
3556
253
4384
3722
840
563
670
4872
4187
849
4996
2121
1996
4732
4296
2231
454
3118
333
1757
4216
3144
595
3471
1107
650
3041
3439
2779
2498
3471
4167
2377
3284
1041
2086
4713
354
1201
1724
2592
3540
2227
328
4088
1833
1144
701
1006
1534
4195
1192
2883
3902
472
2237
3379
3987
430
4346
3403
3036
2378
2124
694
4023
2070
289
1169
993
3922
1190
693
68
2378
1482
3301
1832
1503
938
2025
1605
2763
4726
763
1416
295
2212
2808
4573
983
4332
464
2083
1209
100
289
4238
1521
540
705
3649
1825
4093
4211
1554
1975
1421
933
730
1639
1806
2431
1997
467
561
1446
1407
3328
100
3633
4040
4691
3844
4740
3810
3420
831
4987
2256
3138
4264
1705
1361
142
4088
3675
3445
1708
3507
1702
3631
