3828
4492
2137
4106
593
1428
3848
2895
3731
3519
2719
696
2092
982
4290
3609
3898
4160
3961
47
2637
2729
104
4319
699
1276
954
3469
874
4724
3535
3950
1974
4736
107
3175
1819
2998
1473
1903
4390
97
3688
4370
3391
3213
3228
3568
2889
714
2528
2581
3325
1431
1019
3858
1868
2154
369
1701
1132
1733
2636
2612
2813
4722
4842
47
972
4099
2888
4087
2512
3843
543
2761
1267
1297
534
3320
2275
775
4280
1058
3001
1653
240
1586
2641
4571
802
2190
1900
1895
2612
4337
3026
908
165
1979
12
2580
3276
927
1849
622
2724
4046
1616
1899
30
1283
2142
1734
1928
3302
2991
371
565
4973
2098
1714
1429
3992
4824
155
4055
3843
3877
1619
444
4058
2403
4544
1445
2583
1811
402
2448
2000
1837
1011
3542
3479
466
1160
3729
3898
592
584
116
2404
4974
869
275
2299
3057
248
3950
2836
4518
3130
3360
1435
4808
4888
1436
1736
4693
3326
3010
2694
1372
112
1518
3990
2577
1261
1249
3564
4604
1317
2781
4783
2823
2268
907
135
1255
1935
1744
3930
1453
1351
4367
2632
397
4531
912
1440
