3789
1583
4375
258
2890
2075
4266
254
2200
1760
4494
167
3569
4034
128
4928
4762
2433
1992
2663
1723
798
3766
3448
2071
4643
2395
2368
4262
2248
292
4685
3642
3787
3954
4068
2150
2663
2061
1882
4342
3513
4258
1079
1634
2647
842
4456
1941
2017
1885
932
3102
4789
2695
4338
2364
4134
674
1929
415
3876
3956
3735
2037
1442
1795
2638
818
1820
1542
3060
4100
231
4517
4866
230
4357
3732
2951
4570
425
940
894
181
3105
2058
3165
2821
4506
1108
711
4694
2143
817
1717
934
165
3081
2984
2646
409
4917
4194
138
3579
168
1102
2211
1559
1510
2701
1747
4633
3651
4483
4271
1161
1568
1753
2860
3471
1521
1204
3363
3681
779
949
1031
3291
3852
2499
2578
630
4403
4062
2090
4548
4194
1885
17
1819
2432
1058
766
4872
4212
2852
2342
1246
1479
3062
2863
4767
4434
1806
3342
4225
3216
4889
1759
3485
917
3325
1837
3164
2759
1503
4395
2387
3115
757
1746
4578
3603
4279
428
2935
3207
1370
1480
3591
2594
1812
255
3152
1526
1207
1135
1920
1890
1520
1285
3898
1939
4591
72
2259
4361
3188
1924
1832
1540
2712
2845
1683
4366
2610
3804
1637
3682
2387
3358
301
4022
4396
659
3874
3637
3470
1133
86
568
4426
1514
1475
4814
3570
4819
107
3058
1391
1054
4178
4308
1957
1113
2390
682
204
4400
4283
615
1937
304
888
3189
1732
3437
1510
1840
179
4545
1146
1867
2790
1390
1416
1599
2820
4894
3538
4312
3983
2433
1746
3187
1916
4471
3365
4053
4046
2758
2968
374
266
4230
4503
3062
2573
2755
3355
830
4365
3771
3236
2874
3630
2521
2712
3509
3047
3073
1795
4134
1132
2141
111
1337
2461
1495
3141
3225
1182
3159
3581
4557
1840
4936
2707
4921
1808
2678
1035
2767
2742
3027
829
2829
1793
1323
380
4224
4706
1179
3756
1305
1374
1065
874
2151
2679
2576
2665
4094
1493
3619
2498
1158
337
2341
3931
591
3851
2078
3891
3971
1773
1649
3573
980
4959
2947
4923
1585
2468
4462
173
3459
1077
1063
2195
2644
876
3764
287
4794
460
3122
2654
2865
887
950
1784
207
4256
1331
2829
459
1602
1860
3523
4352
3640
2978
1174
359
4687
4984
1976
3235
1673
2725
4953
2833
4572
689
1231
1775
4162
2692
2473
4292
601
1459
2281
4449
3638
1245
2009
174
4357
1005
1840
4352
3949
4576
2221
10
3930
466
266
4354
2962
2612
3820
821
2733
4104
3666
333
974
1552
1941
4217
3039
3076
543
2846
444
4667
2151
757
3615
3780
3163
4093
2596
4101
3871
4162
4749
3212
2485
1614
2041
2091
2261
480
3544
3185
2632
234
2642
431
1527
3879
441
3969
2402
4933
3188
414
1158
703
2166
2233
2933
3838
822
3881
4028
1136
376
1181
4017
2057
2140
2964
1996
2074
2173
3388
40
3400
973
4330
498
911
2567
