3649
3153
2647
4111
3115
2066
1503
55
3098
3983
854
3273
1869
670
1137
286
3468
1580
1575
1911
2376
3245
3489
1732
1735
635
3632
4810
549
2658
2323
3309
4431
1977
225
482
2057
4195
1771
1936
2235
1303
2038
2919
527
4084
944
4850
2678
4545
64
1073
1356
3940
3179
2843
3553
2114
3509
2642
785
4711
1085
4695
3182
3526
4196
4503
2997
2618
2366
1374
3719
374
969
2555
2376
2994
4671
1964
3533
4151
2831
2484
409
1646
2377
2753
2545
803
1617
4491
66
2952
251
819
2807
47
1008
2256
4815
2815
2272
2375
414
4724
3025
2548
2810
3256
174
1252
353
630
1299
2917
793
3552
1000
2128
2145
1831
229
38
4238
796
3301
4881
1272
293
2598
4516
1143
386
2880
30
3551
1616
1835
194
364
845
2718
2882
3058
717
1221
4382
211
4205
3611
2712
3615
4598
4337
1426
2831
1781
4517
1786
4915
1752
230
1756
1525
1587
4686
2200
2197
2051
4290
4718
1093
4091
4439
335
1632
2654
3837
814
3351
2732
2176
1791
1053
4472
492
2191
2892
2329
3889
821
2366
112
3423
839
3025
1721
1132
63
3245
1302
1068
4503
4735
4744
2648
3170
1123
647
1946
2542
1349
3916
1071
1663
4153
1093
4038
3334
2381
681
1049
4050
3395
868
2722
1093
3619
4517
4760
874
1424
607
1641
2629
241
3605
1529
3724
2715
409
3836
4588
1789
2662
2081
1240
445
68
273
2782
705
3501
270
1849
65
2718
1926
3774
3267
3287
1058
1897
2062
2175
970
4104
779
2130
444
4876
4888
1924
1588
1675
2008
1226
1094
4440
2520
1279
1586
4855
4794
4268
464
2371
39
3628
3628
1531
3377
4231
4619
4245
2783
3021
2807
865
965
1894
622
3354
1723
2839
3306
448
252
1448
4173
1801
1338
36
860
1873
2487
4888
182
2616
1047
1999
4212
4475
2341
901
2978
4573
2348
3363
4695
2311
4631
4058
3474
894
2898
612
349
1717
4522
4127
4791
1098
690
3691
1997
4245
3609
1311
3688
126
1952
3807
2781
1878
4464
4736
544
2314
1811
2151
1898
931
2593
439
2278
3081
3159
1433
2870
985
1499
3577
1059
1188
1666
1102
2693
3146
1662
682
1047
2455
1682
459
4999
3245
4336
1762
3597
746
3366
2074
4010
2748
1579
2435
490
506
2848
231
2045
2916
4845
2532
3498
4238
1489
4324
1133
3377
4903
1961
3571
1538
3693
2637
323
1167
4694
889
4128
927
3731
628
3876
2410
3069
4334
3439
4841
2375
2902
2305
4639
1905
3849
1732
2960
4679
4684
4829
4432
3036
4228
1140
3784
881
4219
929
4004
259
1150
3234
2225
2996
205
2603
1493
2760
546
1093
3839
514
1846
4642
4673
4776
2736
1096
3378
1893
2247
4012
2737
2213
2218
1576
4983
2902
3894
552
1509
4966
3928
4418
4550
1847
772
2317
3502
26
2830
4131
259
1107
3734
2769
1234
4233
1753
1030
4829
3313
813
2706
1644
2803
2485
2346
3170
13
3550
3953
4825
4198
1265
825
3896
502
499
1706
4404
1229
833
1802
2941
3593
1207
1958
2235
3035
4115
3383
4424
260
2918
3729
1967
1620
4467
2784
2454
3068
3811
4148
3096
325
4247
774
1798
848
3520
2715
4327
1407
1020
1297
1269
2475
2873
3504
4747
392
391
2411
356
1350
369
3151
380
3002
493
171
261
756
4572
2944
1859
4394
156
4458
337
3765
3780
2776
2560
354
3815
4449
708
627
4380
1960
2770
1959
733
4777
1359
3568
944
300
1555
1659
2475
3658
2326
2366
3931
405
3577
4437
3086
1709
4904
4037
3422
880
3086
1540
3153
2730
1730
3216
2344
2901
2232
2608
949
1250
1715
1192
3385
3833
4322
4825
2980
4805
2161
1712
4790
2620
410
4933
2789
302
1435
1512
3328
4812
4585
3191
1932
2787
3653
1546
2117
3464
1526
1963
1967
3310
2320
2408
1245
2357
3907
1179
1394
2046
1591
4284
2718
2237
3678
2348
835
4350
1946
1638
3648
75
2130
1674
4326
372
3575
1449
554
736
2667
2792
4298
3772
772
4390
3508
3810
766
3080
2755
3987
751
96
322
4623
4398
4057
4446
3676
1230
2159
504
966
1024
3108
704
1950
4671
2125
1016
1670
2904
383
1344
3396
1825
988
661
2149
1745
410
2224
1644
857
1998
1716
1707
513
2725
3200
2209
2926
4187
3750
1108
195
599
1018
4785
661
3375
63
402
876
3704
4391
2583
4702
577
234
1288
1158
3960
4545
138
3134
1205
4210
3672
4128
1390
4559
4052
2915
1666
2514
3542
1035
930
340
156
810
2829
3527
3163
4919
3171
1544
837
244
2668
185
2771
4708
1506
2349
2532
4884
1764
4390
1727
2042
2845
3340
182
923
4140
4662
3940
4097
2333
1094
144
461
2648
3744
3906
297
1720
1563
3373
2066
1303
2747
325
564
2272
3390
3764
3958
21
4806
3104
3519
1866
1710
3982
4993
3450
1257
693
2396
2256
3591
2540
4967
1664
1785
3142
4203
2664
559
2280
4864
4425
1120
2007
3284
4698
538
1175
4281
3455
2282
1594
911
1910
2495
1246
3706
2570
3170
450
341
667
3264
4241
1294
1006
1923
1872
3524
4601
2534
4285
575
1738
2776
1361
2663
1440
4018
4519
2559
2378
2380
941
107
2879
333
171
656
4006
1706
4186
2035
2910
665
2319
3652
4096
470
423
1540
2044
3838
3525
3286
4082
1690
722
4882
1603
1942
420
1039
1630
3859
4218
2850
4430
521
3063
1586
1396
209
2830
742
1850
3162
1253
2865
1032
242
1844
1764
1490
408
3775
1557
2897
4503
682
287
1273
2006
678
3586
4955
286
2753
3348
4900
707
170
3944
678
2991
2173
2190
1261
4315
2395
2531
3668
4487
743
1331
881
4372
1220
2796
4151
3199
3395
2221
219
4793
3963
3534
1161
3430
1665
2202
4607
1427
1379
4562
1690
3099
192
4036
2440
2267
4507
1796
2230
724
2215
4841
147
4137
4452
2188
4948
194
4266
2116
193
3777
4126
3606
4120
1563
1563
3011
4785
2800
683
2513
3266
86
4190
327
2596
4747
986
3115
2541
746
148
1055
2895
2073
3934
3764
2457
1640
4194
2173
2164
2012
4653
3759
1073
1692
1847
2463
4185
2836
554
3485
909
9
2497
4807
3687
675
411
2257
2721
2314
2224
1196
4716
1826
2539
1564
1676
729
632
983
778
443
905
2803
1554
4563
2940
3015
3007
4661
4799
404
1883
2121
1158
3685
3587
251
460
3301
4258
4153
1608
2880
4884
469
546
709
3206
1084
2063
3530
437
4598
1185
89
1236
190
4058
745
130
3756
4634
2816
4588
2721
3319
1792
2150
4867
4525
871
1471
4266
263
1188
190
2426
2876
1862
480
1138
2989
31
1452
660
669
2745
856
4558
4906
4200
1420
721
3684
3040
3024
4072
4844
1424
1218
2730
4567
2368
1514
2156
1171
2590
570
2241
1856
3999
2528
1987
1170
2629
1654
4935
1407
1748
1212
155
3980
545
1956
4043
2981
3941
2951
2173
388
4574
1310
2706
1026
4574
4371
526
1108
489
712
4041
4455
4409
2912
2303
3159
4860
4789
541
1157
849
1474
437
799
2182
3266
1796
428
1694
4569
2297
3400
1857
4930
473
677
980
2856
1353
2339
1282
1752
380
2281
923
1862
1190
3764
493
3816
1791
1783
2112
873
364
3140
1206
3326
2706
4106
3555
4302
684
2816
4121
3261
2904
472
2223
386
349
3152
4459
1810
624
2117
4149
1372
2023
3816
1918
1447
2045
4790
914
1472
1935
338
570
2633
2318
3966
4556
3014
2310
1363
1374
4473
3687
4773
649
441
1962
3394
2507
2150
2566
2619
4080
2337
4147
2940
1226
1306
2550
4625
942
1473
2047
4986
3456
2057
4600
137
3042
3329
1423
561
2785
949
3861
2041
753
2637
4912
1169
1538
2093
277
4853
179
2413
1178
4015
734
4001
2444
4842
892
835
2940
164
4978
2759
3103
4619
2900
4008
470
4651
2753
1521
123
1455
2039
3351
3350
71
2897
1333
4559
4520
2990
392
4932
3714
852
1588
981
4166
1076
3422
1750
3279
2176
1811
1501
4587
4098
1105
1173
2201
1535
4237
1522
1293
1788
93
1237
3017
4319
2087
4722
4735
1906
665
2033
1965
2755
875
2002
967
4583
394
957
4995
1248
502
816
1321
2149
4046
1754
2266
2386
3594
2224
11
3895
977
733
3418
469
252
1272
1016
3557
2154
1768
4719
1243
1814
4467
485
44
743
2936
4234
3092
2102
497
4583
3108
2317
3638
463
2722
3302
1517
2402
2264
1409
502
1240
3473
938
1527
3523
3425
2683
3235
3952
3581
1877
2992
904
4404
1829
2104
937
532
1333
4040
4930
1343
1008
2520
2895
1351
1826
3275
4506
4648
2399
712
4171
4621
707
1231
2057
4766
1834
1496
433
656
2217
1776
46
686
1076
2149
1611
3318
2129
3365
869
1767
269
602
1691
4546
774
2561
930
1038
553
2498
1460
4360
3637
178
1058
4683
864
4816
3186
1357
3200
2909
4842
1922
3740
4423
477
3132
4876
2208
3845
3139
3622
3282
539
3274
1507
718
1459
3042
4777
3502
3379
603
4186
4351
2373
2520
2789
4034
2258
3194
4412
293
2930
4992
677
86
1090
1350
4173
4960
1109
1459
2418
233
3614
2127
4599
2515
3284
2813
110
2866
3455
421
4329
1013
795
4237
3993
424
954
3913
1883
1793
3287
2321
576
1266
2488
738
1604
3366
1155
1576
305
2631
1117
930
4308
2304
3238
2510
1656
3471
4009
582
4722
1389
4683
3571
1461
1760
1906
4882
1399
1553
2832
4108
2723
3826
4735
1530
4664
4290
1047
1648
2067
2620
4807
3666
1872
2860
2792
909
119
4164
616
4247
773
751
3110
4801
2239
2324
465
2699
1886
1604
3125
4401
936
135
3920
3117
603
4716
3562
4846
2552
1080
1932
1247
4981
3241
827
4562
731
3067
2645
4807
3802
26
4251
3287
3977
2362
3543
2590
4794
2404
368
2257
701
1297
2691
2356
3116
3979
2812
3183
1672
3162
2998
4282
538
1461
3631
566
396
2034
4952
2046
2113
4728
1459
4934
4385
1394
3541
10
250
687
399
3347
4268
4920
1415
4726
115
4305
3620
1453
475
4987
603
2002
2431
1817
1595
2096
546
1658
1720
2676
3226
3255
2725
3957
4545
2678
1651
1808
2598
4382
4234
583
2251
4579
2021
3171
3728
268
4915
3295
4537
1411
2299
4407
460
2029
3592
105
445
1267
4853
874
1109
1896
1219
2348
600
436
88
2295
397
465
1994
2958
3636
3124
4692
331
4764
1565
3033
4589
570
4330
4431
2353
1944
4937
4293
4391
493
4461
2816
2207
3946
1523
3674
948
1525
3166
2093
4943
1425
4871
4510
543
1934
4369
3405
239
1013
780
4484
2832
3118
1072
2135
1929
2349
2965
1851
1996
1155
3040
2329
1940
4137
3128
3076
604
1898
330
1929
2385
2673
2050
3952
3418
1257
3635
2624
1622
2252
2313
4887
3295
1254
468
1570
2846
4658
3656
3521
4344
2421
843
1135
31
530
2823
1513
1012
4126
2897
2117
1947
2046
4872
2661
511
1853
4978
604
2904
1401
1755
32
1795
2952
1160
4384
2281
536
2443
1736
2329
3724
2143
771
602
3958
2375
176
4644
3449
3338
4505
3423
4966
4098
391
1295
730
3957
2162
3902
4437
3747
352
2458
1254
1682
3787
2105
861
2646
3032
3465
3489
484
1028
1933
1699
4833
3738
53
2939
95
3124
2997
3306
2304
3766
3017
1032
2102
4833
1895
2710
818
918
494
4262
2611
1240
582
730
3865
1888
808
1274
1450
2723
2534
2483
2205
975
798
4036
878
1870
1012
2618
2722
2354
4006
3735
2443
4945
1091
4558
1150
4747
1654
682
3794
2002
3440
4455
2428
192
188
4473
3289
4928
4543
4252
3315
302
2056
2708
1600
2360
812
3206
3167
2057
901
4879
2285
2620
2091
3067
4743
1190
1699
2584
2745
4583
2800
29
3710
3402
3519
3309
1288
3274
328
1936
4875
311
4010
1059
2445
2234
1597
1287
4345
1726
3118
3872
4900
3464
726
4471
4487
4776
772
4338
4550
751
3245
2962
3208
3219
3257
837
3937
4418
879
1910
948
4236
2924
4026
101
2923
32
3363
2078
4847
1153
2418
1760
1877
4220
289
620
2440
1257
3143
4730
3835
3519
1911
4306
454
2936
179
4530
2735
190
4229
2952
4946
606
1071
2223
1884
4708
1316
2311
4549
1047
590
1912
3284
4494
2416
4039
759
1619
1799
3077
419
2063
285
2740
17
1102
3358
4564
1930
340
1471
725
4956
2177
1099
205
4828
1145
1776
572
3599
2151
3522
2070
1900
395
270
2456
3717
865
1474
3119
878
1476
2939
4902
3068
2378
1390
1502
1730
1946
2123
3155
4183
532
4239
1941
1260
4560
593
812
2709
4361
4719
3752
2431
2699
2482
2007
4401
1851
2864
2120
3309
1286
3944
1231
1568
2469
1963
2618
4584
943
1657
2556
2726
2415
4521
1832
1708
3792
62
1033
1161
886
4982
3911
1138
1343
828
644
1611
1905
33
1079
2903
3486
1590
3361
3189
4318
4525
2846
2267
4035
1993
3591
2551
115
3811
3014
2187
3449
4462
425
1713
3245
710
1538
2007
1493
140
1438
3253
508
4877
269
2573
4226
612
1970
2474
253
196
4700
2044
4318
2035
507
2498
927
4035
2358
3042
1227
3987
2229
1229
734
1670
4363
3350
1943
626
886
2404
1611
4892
930
4022
1053
4962
3395
1375
2610
1856
3354
2739
1817
1599
441
4352
1531
2723
474
2336
2823
3580
3109
1750
1498
2160
3312
1735
1181
14
2300
1787
3015
4870
806
4979
4508
2808
4092
1486
4270
754
1024
895
1251
789
1185
1769
3080
234
4472
2462
324
2401
1544
1651
3688
379
1355
1985
158
1945
1344
3224
3062
2971
841
4196
3761
998
636
1804
4192
968
1432
153
1501
86
2347
3580
1108
4760
201
1299
2747
3290
1672
558
1536
1286
4658
2716
3450
2577
4874
4787
642
188
1786
3680
443
1668
4188
3204
1880
4411
3728
4104
3374
256
3654
490
3394
93
2245
4984
1571
3303
4979
3892
354
979
4197
3569
3097
1215
3257
2581
3491
343
362
2000
2579
4562
3797
2268
151
3596
1874
669
2374
2980
2724
610
1559
89
4460
3980
4668
1480
842
2791
2695
3385
3614
208
836
4684
3591
3958
1584
2862
4258
979
655
2480
1397
4148
132
3865
260
3255
933
1387
2291
3925
5
1436
1669
1472
4606
3310
453
263
2726
2496
1355
1552
2026
718
4250
2605
1513
4463
2663
698
2090
3598
740
4709
727
628
318
1295
1180
1123
2444
1131
1443
1958
4665
2204
882
3495
660
1723
2392
672
1302
2546
2259
4575
2035
2387
4878
3004
4044
2260
3457
1380
1772
1687
4153
2659
2218
3012
3866
1518
3391
4259
4666
4007
4049
1407
4919
3188
3430
4996
4180
338
4373
4693
1288
1885
562
1807
1591
1403
64
3330
1030
2971
716
4689
1473
1032
2095
2656
4975
578
460
517
3472
1071
3083
3642
2838
2757
853
4778
4426
1748
225
4986
3024
1338
1870
4010
413
4878
1658
4828
3008
1425
2219
1268
991
2954
4820
496
4651
1065
1866
1754
2743
3398
4839
1188
2149
4019
4599
3172
4474
759
1713
1440
1611
1997
4816
4547
2344
316
731
3161
1751
2856
1050
3615
2628
2929
74
2294
4967
2186
2642
2226
3439
676
3359
2886
598
1308
1997
4690
1749
1059
1503
3632
4818
445
3913
1379
4998
1365
3459
4065
4316
1518
1561
3563
3543
1060
2433
3138
2691
2365
708
3596
1527
1586
3649
3063
4553
4338
2191
3486
1450
4169
2689
1090
107
4716
3255
2106
1001
41
4218
997
4686
3117
991
4815
2512
3053
1817
835
3749
4241
2408
1633
1823
3710
2758
2608
612
340
516
1117
393
4439
408
437
2409
4289
2594
1735
1288
3960
4424
4509
1541
3643
1702
4020
3319
4675
273
4754
999
4136
366
48
4151
4162
3166
2897
4001
2993
1358
1554
4867
1823
2996
1553
3041
92
1268
4379
644
3034
1460
2336
2722
2234
636
4698
829
4526
2963
287
4760
353
629
2194
4416
1188
4929
1865
175
2427
2523
98
543
1335
3061
4808
253
573
3731
2093
1091
543
1447
4311
2995
2241
930
2776
3217
4574
2709
1081
1745
412
1599
1063
4600
334
2999
705
983
753
868
3304
3101
1361
1947
2127
1988
4556
2329
1574
1272
2599
4241
754
4059
1768
4232
3823
4204
4084
1072
1808
592
1050
4026
4286
1698
3279
2135
1096
736
995
1673
1290
3766
2580
1965
3697
3119
1153
4524
1925
2064
2610
1738
3008
71
4831
3918
3582
284
2918
4419
3165
2408
449
1551
1904
1011
1230
3066
4583
138
3697
337
1584
377
1807
2468
3492
444
389
4597
4123
965
656
1266
1209
1049
2430
4644
4134
4572
2077
4552
4640
2454
474
166
3596
1693
3765
793
2125
2357
851
1846
2427
246
388
1008
976
2693
1502
251
1551
3246
810
4424
1518
2776
2549
1721
3270
2417
1554
2541
3976
156
509
1518
4219
671
1059
745
4547
1954
361
1302
627
69
3570
4409
2174
522
3485
3776
2770
4723
1046
1549
583
4661
4084
2814
3423
3021
243
428
4942
2401
3619
1305
500
2650
2816
397
2624
3720
419
1698
3167
3783
593
463
1366
4282
1243
3114
2676
2293
1638
4481
3843
806
683
1243
1129
1127
2105
4523
2330
237
2082
877
1576
1181
2644
956
4229
1072
4593
1146
4976
4171
137
697
1623
717
4430
3026
1876
3395
3456
3796
3299
2246
2442
2144
867
2023
1701
4875
1955
4409
2396
2243
3990
360
4215
2365
4418
2657
4507
4574
2317
1794
410
912
3738
1803
3616
1160
2851
1013
206
3806
3670
4170
3138
3541
3989
4310
1422
2499
1193
2052
4735
3691
3391
4827
3497
3305
3110
747
2162
869
1631
1059
4684
644
598
373
1351
820
2720
1444
1190
2559
1237
2004
4065
3577
2025
4899
955
4917
4605
3302
4029
2468
3371
2535
2594
3960
178
2846
4308
2433
1230
3614
136
397
580
2793
4941
4357
1012
2063
778
4606
2768
4795
2432
517
604
1246
1126
1151
1615
1384
1652
2104
4929
1979
1443
3250
2589
83
4147
2856
137
2723
3468
4947
315
754
4833
4781
2431
254
1705
1004
1590
1287
200
2745
3305
4119
590
3962
2134
2521
430
2317
402
2736
2274
3830
4496
1585
4629
3083
3712
1659
4753
2805
228
1173
3458
2986
3016
4481
1235
1009
1520
2689
239
997
3341
2599
3067
2614
2099
2097
170
1876
605
2156
3456
2630
4378
104
4084
3642
2493
4773
1896
685
4535
3436
3002
1685
1751
1521
3304
3685
701
3832
175
1129
803
3541
109
4571
701
2424
4360
741
2691
905
654
2008
4508
857
3894
3484
1653
1961
95
105
2939
2782
3792
1478
29
3694
840
759
4997
4780
1311
4116
953
4882
1636
4336
925
4975
3472
688
1219
727
130
1365
2646
2683
821
611
3779
1968
3456
786
1704
1916
3676
3620
3346
3862
675
1537
1298
4221
1934
3824
927
101
2632
2383
1778
1453
2194
3612
3694
3372
3750
1605
2575
2422
1912
1445
3324
241
609
1720
4816
3237
1414
3417
2373
971
4705
217
818
1076
4550
3699
271
990
913
686
1061
4419
1662
4299
1188
2210
1209
1831
1871
1074
127
4763
4923
2148
3556
2330
3352
1073
2750
4595
191
4508
2658
1344
2493
3425
3110
2310
1470
2653
2127
2190
2062
1664
4460
4883
1020
81
4498
421
1368
3264
2641
1693
614
298
2127
4618
3347
3376
412
467
1751
4505
2094
2126
1284
1274
246
3881
583
203
290
1879
4092
676
156
2621
1310
1975
1747
4485
2919
4383
848
1250
1541
610
3988
3246
159
3867
3040
2233
4414
4307
1174
1811
1479
3793
3878
2219
4375
3135
1714
168
3024
4799
4766
2120
3124
126
3915
2104
2175
680
355
4804
1793
4548
1866
2687
1868
2121
1795
1212
716
569
3120
2846
4549
381
2302
3486
3721
3186
3848
1747
217
378
1291
1414
467
2309
4258
630
806
866
986
1073
98
2425
1857
613
3651
179
3211
542
64
2723
2293
4720
4598
1295
1334
2264
2435
3170
898
574
824
2916
1409
2581
3150
2917
2168
1150
972
3349
1246
2202
4287
1791
2889
3967
3404
4239
1881
4549
3738
1818
4814
121
148
2557
3238
2186
3437
1449
978
1042
1020
2077
1017
3359
4459
3581
4333
3490
1394
161
2157
4383
2905
4585
1722
127
2278
735
542
2146
3731
1141
705
3241
1812
3281
3958
2540
2592
4695
2262
2351
2470
2222
2996
3834
1786
2549
3041
3976
4048
1335
2888
2232
3599
2748
180
4043
3522
4187
1680
1829
3371
60
4520
2544
1233
579
1959
2733
4868
122
760
1364
3934
2406
1673
1982
2700
309
3412
4905
4701
526
127
2180
1426
1002
687
1100
335
4881
1465
518
1697
4024
4714
2461
1
2954
3847
2295
2640
3796
3079
4755
4123
309
55
365
4409
1198
3934
2845
1842
3854
3707
4085
1618
2914
4035
3186
2478
4499
3048
4717
1318
720
4270
3394
4572
3606
984
3104
1229
4020
3122
162
541
1612
3672
1662
992
2863
2623
332
3822
3832
3746
4617
1278
3132
545
1461
2966
1648
3260
1049
3322
2220
4542
13
1355
2663
1176
4393
4522
2947
931
1730
22
618
3963
1976
4473
728
1400
1406
1178
435
3510
3337
4382
777
4439
3052
1376
4097
1455
1259
2900
69
4177
3495
3318
2182
4217
1050
4888
3272
3841
1803
1579
4095
2119
1460
3750
762
3943
1610
3773
567
1013
2693
620
4352
1702
1056
2236
4845
2360
4979
4884
194
727
984
2220
1146
3577
2546
1030
3235
2556
2533
3559
2972
246
922
2357
2780
69
4689
4728
293
721
1948
1549
2369
4455
610
4937
3284
991
1425
2051
3531
3504
1127
2542
467
1946
4011
4597
2156
612
4271
328
2871
199
753
1238
2143
195
1427
3187
372
1313
3792
2836
1653
2648
47
3824
735
1044
4933
3513
4328
724
3542
2555
2985
1227
2387
1341
2132
3841
1107
4510
1347
2514
4771
1514
4217
4263
3576
4317
724
148
495
854
107
1299
4746
4800
980
2663
494
4093
146
131
2115
4860
1237
307
275
2725
3570
4211
3631
4754
109
2479
838
640
988
1123
1624
4310
3734
4876
4450
3854
3411
3791
3282
2026
1430
2976
4917
2720
4088
2837
2239
4240
4151
3988
2627
3782
191
3754
1708
3500
2799
4062
243
1785
4983
1382
330
2615
945
752
3169
2490
3326
803
734
2917
2490
559
666
729
2571
2786
4738
4808
885
4589
4515
2487
4026
2334
634
4211
3288
2680
1626
4989
971
4552
423
240
293
3320
4283
1522
4387
4153
3687
1986
2658
3204
2557
1865
321
4523
243
1700
1993
2574
1131
1993
2651
416
512
3071
1304
731
443
4931
871
2440
4135
1449
482
1804
546
4191
4442
184
4693
928
3965
2920
2758
4512
2612
4886
2588
3307
2722
3695
18
1787
1954
1294
1880
3362
1808
2600
1110
3700
3843
2456
1898
3760
3305
2412
2060
2305
4652
1376
576
768
4299
393
1324
2229
260
4084
2107
4046
2481
4080
1609
2070
600
562
2312
3849
1687
3583
2090
3023
2360
2607
1720
1256
785
2264
4586
3383
2255
2505
4128
786
3477
3832
3433
4913
159
158
641
2124
3140
2377
1456
1610
1100
482
2585
1559
4222
961
1968
4805
2204
965
1504
735
1875
1000
2932
1282
4502
1715
2412
4053
1546
2358
1611
3171
2519
1210
3766
4006
197
1451
2463
2654
3742
2312
2747
2842
2387
1228
2752
54
242
3434
4500
1094
4685
4173
3098
569
1950
4982
2926
4130
4946
4305
3507
4483
4788
1482
794
2179
4916
76
4886
1554
2127
1210
1582
4002
1624
4562
498
2721
1111
1518
1082
3412
2025
2085
2899
4917
4009
578
740
1136
2046
2227
4656
971
3796
4741
4772
156
1648
1781
4636
2071
3166
2402
4377
3440
996
3658
4150
862
4997
4554
4739
3633
863
3721
3041
3174
94
679
3591
680
3677
659
180
2161
1385
354
254
241
2209
1543
2210
373
4315
1175
4621
2276
4800
2123
3307
478
3163
2476
1086
423
630
50
2114
3291
701
1989
1254
2161
1527
2816
3085
2757
475
3827
3294
225
879
3552
992
4500
1342
1184
610
421
3723
551
4387
4441
2417
2517
1085
3468
4382
718
2759
3932
1871
4581
2243
3772
821
3900
1500
1032
1760
191
917
4460
563
3450
4486
434
560
1151
3304
3812
3149
3213
4460
262
2880
3045
3358
1248
3175
127
3808
2867
187
3589
1036
1961
2102
558
905
4274
2018
78
1651
555
4396
1091
780
498
1593
395
3471
2176
391
1901
183
630
215
2493
3571
500
1689
3588
3676
3037
3314
4751
1386
1431
1682
886
4668
2802
3568
1952
2759
4374
4138
549
3617
2722
143
1068
79
2962
4688
3783
1099
105
3398
1587
586
4519
4301
3932
901
1493
4458
4401
781
679
4497
4964
741
2648
2043
2645
3011
1108
4013
2343
4095
1474
4156
3154
1367
2946
2208
1315
1874
654
4718
2729
3075
2090
2315
4905
4137
3224
2373
3405
2677
1992
2948
4320
4963
2254
849
4053
2141
902
2942
1744
660
4604
3191
2237
4312
2159
1047
3401
1754
1653
4238
78
2376
253
4497
2234
4393
97
1890
4297
4801
379
3594
2466
1063
1929
13
368
4158
3228
1236
4938
2417
757
4584
3966
1858
3889
3998
4857
3412
2119
3102
3929
4631
375
3241
3095
565
4150
2850
1375
851
175
2156
3826
2353
3860
4028
2454
1806
813
1672
2324
286
2063
1752
4587
1221
2985
3012
251
1336
708
2999
1876
4186
1545
3402
3880
1668
4295
1708
2302
1025
3973
2352
344
2265
3709
1776
704
3796
4641
649
4054
3610
2522
3118
413
3352
4783
1970
3367
2902
3483
1696
2110
1887
2178
1765
197
4072
1853
4928
3110
2028
388
993
2645
2119
2940
2144
572
3114
2257
2567
1192
783
238
955
3892
173
642
4446
4437
606
1685
4737
655
2319
1179
1505
4638
4263
2784
2287
1591
1532
3525
2884
31
586
1498
4564
1419
1478
1693
3218
4554
1387
1794
3077
2001
106
3483
946
142
4295
121
3210
4671
4337
708
1566
2939
1082
455
4640
4440
1481
1816
1995
2095
4228
3431
85
4902
1577
4772
2555
869
4591
2878
2846
2850
3616
4481
1134
4144
4474
2616
2052
310
2767
2252
1212
3356
1793
643
3387
651
2018
4180
3685
1574
1419
194
1994
2739
2603
4343
3529
4383
4147
1051
1934
1849
3831
301
2136
3789
3463
3257
1206
396
1167
19
2708
2825
4940
995
2704
4816
328
3330
1314
954
3960
652
2427
556
3020
1510
2181
3025
4462
1817
323
5
3151
4167
2474
3939
4238
149
4465
49
4602
4779
2477
3035
258
2104
616
2125
4563
3001
4635
3637
3235
540
1297
736
2259
3935
317
3403
66
2551
775
3925
1015
326
3132
2604
4359
500
3396
2221
1872
2785
1639
1584
4837
3130
154
2835
3843
186
4791
2774
3515
3539
1827
1798
722
4773
2835
4646
605
806
4897
283
4528
4051
1484
4775
4273
621
111
464
3281
4624
475
3058
347
4480
966
2802
4328
2900
926
3500
1425
200
553
2328
3079
3198
3167
4560
2544
1005
4306
1350
2835
3869
2372
2427
4549
2537
570
1163
100
829
1192
3487
1349
130
2173
715
3145
2952
3576
1329
942
180
4555
1509
3275
2179
63
171
3539
4981
4465
2230
1581
4333
4795
1218
875
143
742
764
2875
4035
2926
3657
2523
2002
46
324
1160
3174
206
4828
4464
4383
1994
3589
2917
707
3045
4949
293
4205
1382
3627
1849
3786
4682
1555
1291
2512
442
4620
884
4592
4510
2494
3668
1117
330
3750
2971
4653
2975
709
1207
2280
3805
1184
3423
1031
257
2120
704
2558
1074
3540
4526
3829
424
1990
1189
51
2262
2076
4376
1644
1703
4216
1938
1982
2615
946
219
2270
3204
436
2741
752
4237
1974
4407
4190
73
3051
3946
1328
3939
3340
3699
4853
4037
1363
4385
1113
4339
4147
103
3128
2193
3414
2371
4898
2039
1926
2744
1392
1908
1385
1824
4622
849
1471
2527
4481
1727
1630
2620
3674
2620
2224
4961
507
1
1658
1510
1458
3656
3608
4088
2468
597
4968
2360
3652
2050
2308
4121
3948
2031
1220
266
2819
4513
787
2637
4991
4682
425
4446
165
834
4993
408
463
2493
4611
1085
1485
2205
2141
2789
1879
2922
1901
2185
3362
3870
3307
4431
121
677
2981
2761
1678
3877
1098
3330
2065
3099
1219
1728
1544
2847
1511
872
3184
2080
638
3982
699
827
3721
2468
1834
3176
2527
3941
4324
2573
1203
259
3888
4647
2228
1894
4944
902
1949
3005
3071
4761
550
2426
428
1770
1706
921
391
4027
2676
3961
4315
369
155
2590
2132
1759
3301
3150
2011
3238
2875
1923
2480
436
969
4832
1000
1395
714
4960
4168
4916
329
1315
4072
2955
1643
1626
4827
525
1803
2133
1654
2759
3853
4123
294
1000
2663
4914
3231
2562
269
3479
4155
3701
4893
3865
639
3404
2066
65
2540
740
2757
1596
4909
2835
2448
2260
261
3462
1084
4732
4979
1005
2822
4539
4864
2386
3270
2226
503
4480
928
489
3190
4256
4438
1935
4293
3826
