3619
4722
2942
4149
3588
2261
1259
3632
566
3779
2185
2877
4227
593
3016
3084
4250
4593
99
1796
2940
4989
4427
4137
1381
4410
3463
2601
3916
800
3083
4686
124
4881
4494
2401
1323
2136
3328
1229
4699
2749
1908
4201
4768
1294
2346
3842
449
3023
2640
1913
4514
4517
4570
1952
3233
1791
1104
179
671
1318
3191
3037
3850
4815
794
3120
3305
3967
531
1585
1160
4606
2276
2883
348
2231
2203
995
4697
4447
750
1668
2602
3292
683
188
2680
3120
1155
3383
3144
214
423
930
4430
2124
2235
1626
4982
1745
2387
942
2188
825
4300
4090
3122
1751
1284
2182
4499
170
1476
3111
4253
2203
3828
540
4524
2726
2664
4331
3701
3575
1402
77
1080
1815
2520
4463
1698
2719
4272
4755
145
3052
1761
4126
3441
3683
2444
1491
782
3367
4642
4424
2483
394
1999
4455
915
1272
2456
2441
679
3514
217
1942
903
769
898
2615
3604
160
4563
4391
4741
2039
2293
3823
2624
1190
1003
4994
1828
159
1689
2785
3508
264
3419
2063
4127
135
666
495
1686
934
2883
2205
1125
3273
2160
1058
4589
1133
3026
3740
3577
1484
1303
2917
4568
150
905
1907
3803
3538
1296
2040
1120
3005
2169
2707
2086
2562
2974
1879
833
2764
2344
4690
3552
1560
4946
3672
2277
3725
3592
3137
3837
1952
4743
2904
3065
3003
1327
4502
4692
3367
991
3335
1774
3602
2560
2179
1769
1442
1141
2271
2666
3651
2936
741
649
3661
136
4401
2492
4281
418
4366
3361
3653
2414
4185
1715
447
2836
427
903
223
1079
645
1736
2527
296
3791
3575
4839
4701
3489
4303
340
1996
918
4464
1625
227
2254
3634
169
4058
659
2340
1971
1355
1686
86
1967
696
2618
660
1017
2942
778
468
1812
777
1231
2490
4920
4273
1876
2761
62
3251
4461
469
3299
490
2373
1766
2548
4759
0
3320
4162
2991
1472
4249
2542
4868
4388
611
2838
743
1677
1170
3975
1868
707
4152
1798
1014
4912
400
3842
1821
4827
3183
4476
1741
1664
2761
835
1930
4053
1731
425
3216
1904
1245
3705
4471
4335
4219
181
2487
3048
4084
2563
56
4875
1018
2456
1630
2373
4475
424
3595
4686
2783
3356
877
1469
156
469
2441
930
358
4528
2312
1940
2386
251
554
4741
69
2183
3960
3498
2649
2678
1526
2839
1200
3519
3904
2403
4820
647
2548
3696
1797
2242
2569
4358
60
2915
4558
1263
2105
3720
2799
3910
4952
762
1091
1564
169
2619
3721
1163
4040
2681
4925
687
162
4554
3397
978
3929
840
656
2423
641
4151
337
4569
4020
1196
4009
3829
2763
4353
3275
2436
2727
1542
988
3286
3343
2674
1947
316
2474
1419
293
420
1255
4234
1747
4138
1875
586
1288
1189
4315
1202
2710
3640
2851
3289
2913
2154
2710
186
3422
4976
462
992
2613
4297
767
3172
3820
291
2599
4836
4598
4324
4649
1406
3373
3523
1394
1030
2507
3992
3475
156
4295
938
3336
1498
3622
3447
208
4620
2928
4585
2719
232
2492
3743
2040
2344
606
489
3871
3830
4505
2833
1166
4023
3768
3606
30
3803
3769
4586
3360
716
3012
4198
4300
4150
4344
1901
874
1230
2559
4919
4488
4173
779
1679
1347
3063
4113
1446
3409
854
1373
1129
4519
749
3974
4457
2990
4866
2531
402
2099
1691
1790
3454
4999
61
1288
3690
980
2697
3629
2466
4498
1520
1161
680
224
608
4460
995
911
1623
186
310
235
1583
1110
1213
827
2363
2104
3088
172
4297
2940
2105
3961
1840
2053
3136
3614
2412
1297
3777
3516
1464
415
1468
863
2132
2311
2566
1503
3407
3929
1758
1732
2238
4536
2379
3990
2069
1032
3508
947
2157
3246
3615
1218
887
1703
4846
2519
104
196
3238
3280
1990
2780
2282
40
498
3874
2425
1818
3966
4209
2235
3080
4761
229
985
4964
1945
4787
3974
144
4072
1108
2048
2769
1857
1158
1571
1025
677
4340
1368
1492
2106
2192
42
4651
2139
4206
2434
4992
4317
98
1020
4633
4145
4708
3969
2744
1510
2466
1014
834
177
4935
4300
1119
4895
2107
3049
3114
3674
2756
3216
2897
4075
1747
3652
2247
1431
3370
1755
664
2572
4828
3841
701
21
37
562
4521
1309
1164
908
1746
3553
1982
99
276
9
4862
999
4587
1048
2777
4964
439
4489
1470
2928
2197
2389
2510
683
1676
4026
1328
106
2413
3894
3825
2827
4526
2909
1602
312
3960
1919
2282
4774
2448
1622
2197
3589
4667
2158
2821
2325
1334
4893
3312
207
4525
1437
3314
4577
2906
1072
3917
1742
1016
2444
4759
1198
192
3903
4731
1170
372
2636
4177
947
4651
4022
3282
435
2164
3237
4079
2147
1534
3391
1690
1503
3839
4640
783
3863
203
1589
4916
1591
648
4222
4303
1170
3223
2906
127
4106
2838
2704
4325
2379
4332
4218
1980
369
3236
2924
1055
1343
190
4110
4642
2049
2634
2702
3229
100
383
2250
4732
1709
27
725
1
3303
1291
4023
2598
1193
29
4298
4926
663
444
242
1852
4207
2469
36
4334
2423
4031
2203
442
1294
3528
1503
4506
2144
70
2447
4541
1134
3530
2552
4942
2061
3572
3454
577
4253
203
1466
3722
1917
3979
4453
616
3677
3493
4725
4507
733
2449
1077
986
2364
1487
3257
4016
4451
1319
1435
4143
355
117
2712
525
900
745
2350
495
1023
2806
1201
2307
1167
3593
4164
690
259
3364
2854
3246
3911
1876
2933
1168
909
4368
3663
4470
4309
2691
3422
3035
1308
1636
4388
3695
4948
4460
3424
4640
1224
1335
4063
2281
731
518
3246
1418
1882
3724
2159
536
3503
1944
3227
1742
719
4611
4751
1892
1838
2018
1410
408
145
2286
2637
1939
3861
635
2643
533
1559
2709
1323
1322
3531
3650
1596
3535
688
4099
2785
1904
579
4324
3974
1460
3108
311
1498
619
4990
3100
4420
1846
2771
1925
4386
1593
3431
1159
2536
2621
2411
3434
3894
2656
3086
1692
2366
241
3039
1371
3980
1190
2349
1658
4911
4928
834
1918
751
530
86
705
270
2630
1000
4455
44
4001
3978
1655
1118
3976
614
132
2328
2818
211
3781
267
2200
3973
4770
3471
2779
3316
320
2333
4756
2571
2230
1230
2050
3508
4409
32
503
866
4973
3587
1588
1959
2021
2430
2902
2751
4548
1816
1657
1860
3861
2732
3165
3284
4185
2555
4366
3584
423
3560
4944
1742
1936
137
3913
1705
4219
3034
4601
2615
2622
4166
2321
3892
3119
1536
4632
1854
3546
4958
4028
2280
1308
1520
2655
4442
1855
3240
4191
1089
4118
4170
3650
3755
1308
469
937
2262
4416
163
989
1249
4972
1110
4712
1363
2318
59
1326
4634
1878
3995
4171
3551
4769
1112
1582
2905
2374
3869
1574
4367
3991
761
2036
2698
4042
3709
2946
4521
3016
3331
2658
4911
1405
2850
1122
4858
722
2344
1534
4789
1112
1343
799
3889
1630
315
18
2808
452
3498
1380
2018
4664
3725
4349
1339
649
2671
3610
2268
4003
2171
2832
1496
2499
2995
3918
3859
939
4294
4042
766
703
3521
4238
3806
777
3426
3268
3038
1458
3056
1248
3242
1195
1711
606
2734
2299
883
4379
509
3401
643
592
2582
108
2024
1548
4516
3776
70
4025
1390
3533
4994
362
1646
2067
3532
260
1165
2576
2575
4899
2839
1214
2159
1677
315
1974
3210
13
3694
3201
962
2481
2264
4513
1130
773
279
2619
4855
1355
3003
3760
4329
51
1354
4628
4210
2384
1740
3878
566
2131
2905
17
764
3668
2802
1083
2460
1350
3030
4132
3601
4739
550
577
2305
592
4659
746
394
2833
3398
1200
3039
800
2472
3556
596
194
227
555
4646
4986
3905
4942
1479
4075
4827
618
544
1472
3093
658
591
2766
3896
3822
3788
4925
2304
1246
3382
2186
4583
3559
1740
2881
1841
2682
1081
1705
2378
153
2071
4888
4133
2059
2583
625
239
4458
87
2842
1291
3747
2221
1123
3510
2118
156
1628
2926
3175
2612
2839
15
3124
3991
4878
2438
111
617
1326
2089
870
2504
2732
4718
642
77
1902
4868
3301
2280
2933
95
871
2035
4601
2048
154
624
2942
1300
4324
4596
1838
2364
2302
2456
3152
1765
2683
4110
391
3008
491
3017
1030
4621
4769
3752
1722
995
4033
1796
2528
883
469
4600
1617
1383
1578
121
3882
572
1759
4637
2001
3519
4158
4977
2910
1232
3206
3557
470
2464
4152
323
70
3400
1720
4961
830
2349
359
2411
723
4023
255
3812
817
4297
1318
2678
9
3950
742
1832
2000
4585
804
4031
4904
4005
3760
1449
1755
1999
2644
3542
1220
2913
2513
7
1897
1872
3871
4772
2158
3785
3907
3520
4475
3863
493
4200
2962
240
3578
3532
201
345
544
4509
2663
2158
4624
3528
4133
2910
4113
1433
857
1151
203
4524
1219
2262
3512
239
4786
4506
3842
4132
95
4066
4273
1302
2693
3851
3003
346
2438
2566
1265
3168
794
2826
3120
2098
4420
2406
4053
2397
1973
3937
3277
2397
861
1590
1116
2045
2102
586
3980
4311
1572
872
3480
2473
1394
3719
1561
2210
3167
2
441
4715
4449
440
2534
2720
4128
2445
849
2241
2566
1625
2264
3540
1509
984
865
294
3683
329
2512
2050
2498
1162
1827
305
642
2685
4995
4011
4842
2316
1198
2956
4860
570
2659
4746
3930
3133
3005
1414
3950
1238
892
1121
782
2483
4296
3033
1879
1032
295
2525
1161
2105
4841
869
4788
883
2787
4965
777
3924
4553
4107
1036
1615
1487
247
1424
4860
1377
539
3516
3792
4929
2635
1525
1809
3601
2415
2356
1661
3530
239
2241
1780
940
4342
960
1818
3687
4777
1747
689
3338
4562
2528
4271
4585
1160
1677
3932
1940
4881
1433
1975
3342
531
2444
4969
556
768
1858
714
3311
3488
115
2482
1426
2771
2367
3523
184
4711
3225
4925
1040
4814
2737
370
187
3836
1142
1404
3024
1040
1180
771
4373
1585
2474
1115
2592
59
4903
2285
3310
3289
1087
2957
4957
1149
3296
164
3501
4286
2610
3159
733
3305
2838
1808
795
4492
973
1476
1379
1863
4549
228
2228
3060
4712
1383
1190
1896
4325
3840
4865
4986
3923
4468
4771
4107
275
1511
3600
3511
926
1135
3375
347
2319
545
2650
2063
4249
3635
38
1535
3876
1530
388
3780
1949
3893
1791
832
1267
2370
1350
1642
1017
3655
301
3150
1449
1859
4175
4489
4429
1582
47
3660
1212
4678
1264
4278
3211
3283
992
1647
2578
926
2764
290
3369
445
1113
4987
4650
1002
2647
114
4992
4678
2258
2726
2737
3872
3196
4277
4072
370
4181
2835
2862
1829
2580
4889
2562
2803
283
1200
1846
1958
846
1230
620
2056
1532
960
2241
698
4066
3817
2097
3145
2548
3618
3371
813
4597
4259
4430
1428
2096
408
3924
759
2352
3671
1166
3259
1837
3833
1184
2075
4320
2423
47
3956
3314
4456
4584
1945
3496
1656
1043
3880
2657
2322
895
3244
1050
4074
2543
1292
2466
788
1598
2525
1762
1425
2583
467
4704
595
3409
1022
3844
2326
1617
2826
1305
818
3304
1903
1488
790
2470
387
1426
4440
2862
2860
4501
3850
2380
4555
4081
3023
1397
1549
1803
2206
1766
3924
818
4406
1880
4141
4344
1043
2762
99
474
2799
31
2260
2868
4940
1714
922
583
745
1207
1421
2861
276
2068
3951
854
1336
4376
2321
3899
3863
1130
108
1699
1129
1037
4610
4485
4077
2843
885
3677
1094
248
304
1730
3850
504
189
1976
1656
107
751
545
3832
2199
1970
4049
1824
2671
4927
978
3035
20
4180
3989
3500
329
667
4434
1348
915
1746
3354
2736
2744
1155
371
519
263
1573
2572
4459
4817
3275
706
485
2526
2010
586
2990
1195
2289
3007
4083
4706
1052
4982
1128
3051
1690
3097
2641
2426
1225
369
2165
3553
533
2591
1204
2111
976
1693
4386
3905
2015
2464
2228
1960
4993
4200
2979
3171
158
388
695
2854
4317
1024
4333
3043
1582
344
4924
2521
1545
4633
1764
3090
1991
926
3720
3561
2448
1009
3542
3715
2828
4746
4845
1877
2750
1517
2878
135
2117
2791
2046
128
1781
4649
4770
1922
2615
320
2260
1039
220
4484
254
4011
1911
4951
1908
2356
2555
2849
3671
4440
1634
1914
2375
2814
1865
4815
2344
4168
2352
3625
3336
3046
470
210
2040
2919
2660
905
4202
4212
2369
2840
4298
589
1742
1908
2327
4864
3779
1892
1692
1279
2722
4830
2650
2
2601
3191
1745
3429
2878
34
3558
1130
1623
4946
4847
1506
1887
947
4093
3504
632
2742
201
4335
1301
1075
3634
2686
3350
2940
4166
512
442
863
1759
65
4440
861
1088
1086
775
3433
2728
4756
695
1219
4838
4235
1599
1333
3534
1772
1865
2349
3906
3377
3234
3237
2205
1045
4950
375
4524
1732
1980
3885
1814
2627
3845
2696
2253
1923
4259
3440
1886
2298
4056
3739
3301
3739
2628
1153
148
1567
4372
2711
998
852
3023
2378
3207
397
3706
2007
1375
2306
2886
968
1486
401
960
386
2298
733
1074
1173
2558
758
593
2339
629
2657
1942
3229
352
1834
2905
4458
2237
975
1210
4521
2833
2591
1194
226
734
3450
1010
1224
2168
4098
2913
1273
2380
619
4564
2025
2835
4599
642
4739
2926
4710
1574
194
3818
4516
1432
1111
2486
738
4477
1124
3298
1938
1510
4777
2722
1389
4799
4732
4043
3591
3281
54
2142
2998
4210
2356
1827
214
986
1011
2631
1929
3618
2344
4009
2413
905
1310
2321
3750
1263
3449
611
1910
1893
1059
403
3426
1068
309
1088
679
2086
4313
4790
2596
4018
4493
1902
386
2627
3579
2897
1890
1307
4246
4878
1325
956
3815
888
3090
1680
961
3499
139
2105
4058
3712
177
3395
3275
3303
4090
4105
1218
3708
4687
3597
574
1453
899
3012
2754
980
481
170
4742
1936
2909
433
1970
808
3454
368
4628
19
1722
50
4412
4993
35
2027
2686
3407
4480
2794
824
2457
2855
3156
397
2664
3393
1574
1201
1542
4135
4101
870
1184
1820
2937
2006
3812
82
2567
4154
1482
3682
1150
4578
1232
238
4508
4102
1216
4434
3058
2772
3701
3458
2965
3571
974
1973
4191
2240
3890
4827
4293
1175
2949
1338
2978
3044
4034
991
4117
746
2457
4436
4510
4900
4586
269
3446
1818
2035
3463
2319
2895
279
4474
1666
2904
2848
438
960
1007
270
613
307
2937
280
2208
4286
3788
2482
3044
922
4349
1304
4862
1218
1378
1322
3989
4817
3867
4424
775
3379
3302
2440
1119
2961
2708
774
1749
3425
526
1499
2862
1766
2707
2785
4333
2571
830
877
882
1718
1412
2406
2770
1042
4059
646
2504
197
2018
1270
2507
4324
2300
1767
4687
3388
1566
1030
3024
115
1708
4640
717
1661
3007
559
2313
2763
3114
4507
4688
1377
1581
3404
128
735
1417
3638
2997
691
4540
414
1186
4156
2240
1093
2556
82
3496
3155
1081
1004
2282
2558
3866
282
2859
258
4909
701
239
4371
726
4299
1544
729
1366
3495
4274
1019
964
3537
1212
1256
2340
3858
3897
4049
2109
242
4552
2707
200
286
3400
3828
845
3516
4488
4028
3344
1976
854
3342
804
484
1727
4606
2310
4508
3039
917
2446
3808
2777
4755
2354
3629
2632
2748
4579
4438
4527
3503
1051
831
3030
3899
735
619
2694
2802
2466
1398
2032
1699
43
3301
3520
210
712
2636
1544
4403
4026
1640
1482
4591
74
2351
1693
638
3973
1069
4180
3686
1236
265
2564
626
391
375
2173
1311
124
222
3194
4363
1874
1180
4820
4814
2322
3729
436
3350
3368
2770
1080
469
1279
887
1680
1342
2611
3063
3545
4121
3051
2658
2977
2042
2750
2704
196
4768
20
3384
3887
893
4737
4851
2259
3946
3214
2314
3253
877
3681
764
3523
3653
1438
4317
3313
893
3358
20
1388
4463
2950
1300
2599
4747
1291
358
4469
4952
3861
1108
1006
1026
3689
3944
1741
1389
228
438
1417
1441
1484
2024
571
894
185
1937
2431
4962
156
1068
4679
393
2087
3158
4876
1588
2806
617
1966
1357
1972
3994
1566
1369
3793
3157
2370
1951
4362
1063
937
4673
1073
781
4415
505
1311
3955
4995
3862
263
3703
192
1382
1309
4952
1681
3982
4631
4665
3400
2808
2147
162
472
940
3961
4481
289
1466
242
3596
709
2078
2825
4634
3753
1285
3841
3099
4317
2544
3175
2718
2904
4623
2857
4850
3933
1288
183
3750
3219
1384
1337
1412
4980
1160
3114
1043
4307
2323
3259
2197
1980
3104
2659
1249
4319
827
421
3546
4365
1137
2771
1271
4294
1636
3666
2468
442
4739
2885
1952
142
189
3422
3761
2466
3095
4019
3805
3577
2405
2430
242
1120
1302
2575
585
2282
4979
3933
382
923
4408
2939
3123
2348
2196
368
1638
670
3510
2778
1184
3323
2817
1979
207
2657
4681
4452
1022
4912
2846
929
2019
4615
400
4582
4274
314
1148
881
3984
2662
3999
879
4331
3248
2103
3755
408
3131
346
2140
1188
1720
2185
2511
2431
3171
4565
1037
2086
4403
4110
2703
1568
1842
1000
4534
708
3126
4462
2999
641
3912
4491
2104
1549
2987
415
3780
3810
4759
4238
2101
2310
2494
4472
2451
1330
1742
2732
943
917
1873
4382
2013
1610
4529
3875
1066
1647
864
2147
3418
855
279
4574
437
2035
221
4978
3394
20
2074
4980
2101
492
4309
1340
3389
2550
3459
4342
4113
339
881
3406
1125
4615
3988
4444
3887
1683
2942
3608
4959
1580
1332
3112
2478
875
1182
4664
3638
4734
2254
841
1586
1208
2333
1549
4383
2117
3530
4194
4340
472
2028
4181
4230
1736
2186
2761
3255
1008
2513
352
143
2286
3454
3608
908
3223
2533
1602
1318
2865
4289
1431
1086
3833
2701
1044
881
4109
2282
2264
423
1500
3578
732
1912
573
3981
1290
2201
4878
1465
2136
2883
591
3151
1975
1718
2598
2443
4479
4100
235
61
4302
4976
38
3054
633
3025
3520
2397
402
2778
4744
835
3106
2220
1247
3275
2136
373
1382
958
1979
4555
1094
4813
3765
908
2583
585
4704
2112
4654
4336
1645
2105
2097
2536
1075
3425
1789
4977
2325
4061
1586
606
144
2361
2020
2397
4811
4660
4206
351
3919
2925
2610
2418
1401
1094
4596
365
3013
176
3680
4235
2525
168
2345
1259
1923
544
2340
2407
236
3009
1243
2901
1173
1471
910
3259
3466
797
2639
3278
788
995
3173
2827
3019
2669
3420
1695
629
2278
251
4229
3414
709
4254
3607
4288
847
2812
3263
2132
4437
764
1998
2082
1151
2380
3428
1894
2296
1034
4337
3675
388
30
795
324
1568
1135
2689
2569
1562
2590
4448
959
1977
824
4932
2003
4957
4527
2937
1728
937
2795
3146
4247
4392
2341
58
4062
3750
4341
2401
2460
2961
4109
657
1268
2040
3189
4033
4336
866
2600
1834
912
1602
3423
2089
460
4890
1324
2476
142
3414
2818
3633
603
1114
3691
419
3579
3062
4810
2309
278
1961
554
1868
1834
1644
2326
1313
763
496
1403
1220
1970
2762
1251
671
1074
126
187
282
4830
3315
4144
3946
4574
3702
773
4672
3156
3144
3591
407
1290
2564
2029
1774
4255
3484
194
2151
2170
4379
1566
3094
2469
1409
4108
6
749
4842
85
2105
1193
3168
2916
3311
1146
930
4915
329
3986
757
1366
1773
3447
2410
3806
69
4866
1744
202
675
2667
3908
4873
4760
4848
4574
1322
926
2950
4605
4736
1586
2039
3278
3112
222
788
4041
589
2253
3597
436
4414
225
2958
3300
1982
1569
1876
617
4124
1983
1857
2402
2324
1410
1724
4833
3894
766
4397
4680
1005
2485
2047
27
2075
1912
2767
3432
323
3198
1924
2797
2383
3849
2055
1193
259
1212
1973
910
2105
2673
3666
2341
1903
587
3657
306
4582
2832
601
2257
508
3145
3306
2578
1677
1581
137
3665
4789
3802
1311
4001
4985
1701
1761
4513
398
1285
2644
3439
1050
3083
4743
901
4738
2724
4773
2426
2284
4162
2563
1458
1310
4800
2543
1168
2694
1700
3674
4531
1643
3754
1512
3518
4228
3807
821
3077
4536
1963
4857
4565
2301
51
527
2187
13
3373
4915
1472
958
3837
2842
3867
689
4336
3895
4351
3198
711
3483
4446
4989
1702
4148
3599
1024
4997
2842
1932
4559
775
3686
2263
3428
3618
3019
2230
2288
2670
3025
2196
2398
1369
2255
1922
2911
2690
1138
686
4093
1324
156
2059
3147
2574
1022
2569
1349
2769
1384
2519
1573
3137
1608
1749
3669
1399
1938
3991
3108
1407
3224
967
3994
542
2642
1065
382
1454
3223
350
4651
2220
844
4641
1422
4721
3572
4838
3475
2193
1033
436
896
4049
3514
2088
4562
908
3565
2356
3767
2727
2039
4696
3204
4411
1866
3128
800
4571
3206
3525
3672
815
419
4697
3796
3849
2878
4285
1810
1006
2931
4285
3762
1934
1161
119
474
4463
4668
4143
1474
2127
103
839
851
3697
1048
4637
2771
1643
4320
1477
3860
3797
3083
1121
3471
3012
2429
1942
826
3983
1478
3521
3922
1498
1488
3762
1373
353
3574
864
3190
2991
991
164
590
3929
635
1282
1889
4084
2205
1014
2448
3822
3522
2507
2861
3155
2585
1082
596
1870
2099
65
1575
3635
1069
3714
2826
3370
4099
3189
4017
1055
2384
3984
607
4368
1563
3446
2425
1199
4372
4487
2802
49
2448
4375
1368
2574
1649
3824
3486
4681
1241
2764
603
1594
3888
4517
2699
2042
4389
1488
4349
4943
2673
1923
757
249
258
1210
3403
2412
3510
2560
587
2607
2134
1939
2070
4684
4798
4529
3002
633
1378
2394
4101
975
802
726
4991
865
305
289
3257
630
1587
1915
3192
3307
2470
1045
295
4499
1410
4745
4836
896
339
4041
2265
791
1847
1939
2710
4982
1003
4428
2685
4729
75
202
998
1374
3738
3814
1260
4214
4030
2442
2360
4013
4439
4119
21
4891
2809
27
4643
820
3081
288
696
1781
21
2040
4012
1184
1870
728
2347
1466
146
4659
4848
538
901
449
328
4141
2313
2527
1613
4344
1734
1297
3717
605
2083
1772
1938
3715
3469
3377
3627
1431
1719
4663
3906
4199
2291
2857
1599
4376
1328
3048
4038
2901
733
3809
2716
1748
621
42
4367
2244
2107
4833
3967
3778
3247
3359
4248
2956
1801
4003
2697
3637
678
185
4458
3258
3298
2068
401
2308
1341
937
3894
2903
3192
3367
3288
3490
3313
2868
1335
2697
3173
2217
3107
3896
4958
1473
4701
3424
469
4254
2068
4646
1346
1757
3331
794
3017
1547
162
926
4775
3903
4809
2560
4798
1594
2196
3177
1622
2196
2131
3887
269
2329
2153
3871
3279
3348
952
3199
2353
915
115
828
42
1379
3789
743
4531
3637
1504
4317
4169
1369
7
4319
329
1818
3272
2503
4187
3067
900
2733
2522
976
3570
665
3915
63
2331
4633
1355
4928
1127
1437
4958
3828
1391
1313
246
2610
1500
3387
3929
2768
1081
4902
2814
2599
4564
2750
2057
2759
155
3196
2317
3662
4572
4660
2745
475
4925
3814
174
1935
4142
2546
2232
2191
67
3912
3059
2435
4743
1926
336
3610
2453
4763
4079
4426
2800
316
3687
2402
2470
2436
829
2819
1056
3058
2522
3983
3190
2797
4760
2272
1881
1419
4869
100
4344
4219
4657
1775
1199
1615
3149
4953
845
3095
1972
1946
4996
25
4406
3668
3791
1349
259
40
367
3713
637
531
2182
680
4321
4898
1816
2136
1056
35
1047
1115
4984
686
3358
950
2928
3933
1343
593
365
4504
3545
751
1950
1539
2356
2871
1062
2148
2368
4601
2427
1679
4253
4757
2395
1773
99
3896
311
4485
2598
1056
2778
1153
2386
1851
947
3228
1869
4459
1385
3370
3357
2020
3694
3777
2543
3137
4720
4055
66
3284
4564
3996
124
3829
235
3481
2099
3789
634
4249
4254
394
29
391
4205
3053
3116
3296
942
91
3720
1210
258
714
4423
1989
487
4789
2038
4210
1223
208
1663
4593
1113
431
660
3071
2398
1253
3594
3439
4639
2521
2521
4240
2877
1718
4987
672
4378
2162
3779
920
2590
3831
4096
2792
3996
4201
1010
1915
2278
943
213
1663
3069
4141
4739
2750
2030
3081
4239
2248
2441
2333
2063
1005
2756
1820
3985
2437
1360
4080
4530
2322
2379
1260
4010
1649
406
2022
3956
1173
4422
639
4645
3940
2976
4965
4571
4422
4009
1721
3952
3107
1413
3461
3719
381
1337
2992
3246
4518
1674
2989
4964
3866
2559
4704
1173
1800
420
2099
4219
677
2529
641
728
1242
651
4417
506
4152
2801
4204
4294
65
905
2738
3576
2296
3636
1682
2241
2315
4631
305
98
4231
1892
4293
1696
4798
2040
2554
3400
3285
686
3572
2173
3393
972
511
2224
2699
2085
452
1464
2712
3639
4036
1514
3070
2813
2761
2850
612
679
643
435
1258
3977
1969
1867
505
4401
241
1891
4316
2197
3250
2333
1295
4421
2767
4358
2751
4220
2735
1303
3418
4629
2195
671
3720
4548
687
2667
4202
866
660
808
2482
2701
3101
2079
2100
1704
2985
3339
2715
4582
2537
3664
1934
1541
1675
868
1156
1320
1214
4826
631
4493
1326
2972
2189
3201
2802
81
3956
3001
4676
1536
4599
1170
2641
1204
2764
443
650
2416
4889
1809
4954
2101
4534
4011
1993
3969
4459
4712
3401
4922
1109
1678
975
836
2814
116
1035
4735
3523
1562
2355
3964
1234
631
125
1681
2299
3787
3532
2587
1942
4295
1909
2148
2701
809
1683
4134
3899
1636
4159
1887
1622
232
3260
3237
2929
317
202
2067
2630
558
3257
460
3474
2084
4049
3895
3280
1664
1735
2804
4138
4974
1626
4023
4517
3742
2975
1162
4877
1852
1242
3424
2785
2034
734
175
3496
813
3007
997
1549
2365
1749
4951
1031
1281
1420
101
3827
2371
3562
3578
3134
4927
2985
2043
2445
218
1838
2038
1952
3264
2520
4109
3527
1262
4685
2139
2939
2826
4505
2318
3864
1656
937
4086
3849
4350
2671
4964
373
2034
1054
1446
1353
4986
2217
2939
3958
3245
743
3610
4916
1296
986
3696
2783
3227
3440
3409
1073
1261
1569
926
3704
2005
2123
3304
3265
2707
1122
3324
429
4615
523
664
4307
4664
675
3613
2071
895
364
445
4953
53
4216
1574
1105
1073
3529
2056
178
3007
32
2428
1276
1518
884
1838
3078
913
4141
1356
4283
4672
4249
351
509
455
2063
2841
3648
4072
1179
3135
2408
621
2674
1778
1285
776
2982
2177
4462
4166
2539
2073
1796
1129
4299
4943
3480
1046
288
3717
536
1831
3784
1811
2094
305
741
1808
3329
2048
4101
3833
2856
2769
2479
2978
4964
2840
4104
587
4526
2292
1325
4212
4329
2912
418
3364
4360
1099
4938
1398
3331
1314
3879
2909
1430
1909
2885
1338
4067
3623
4314
179
1034
1017
3801
1790
4325
2210
4631
3431
1201
1384
4813
3374
713
4002
3791
1636
3069
1585
3588
32
660
1179
3560
301
2278
3338
3094
1894
4357
4269
3506
3604
836
3030
2462
3935
4865
2820
2107
108
1711
193
474
4262
1639
3831
2707
3088
2816
1158
2390
962
4988
81
585
3898
325
722
2785
1884
3775
3451
3796
1565
856
1758
2175
2541
4854
2511
4507
3811
2976
1153
1973
2917
2264
2966
1958
1536
2575
460
2080
4637
930
1740
1451
1869
3723
564
1263
1054
4674
4535
4882
2006
4382
3835
700
375
1414
1420
1848
452
3845
3679
4254
1091
2670
2041
2304
2355
4412
4881
746
3912
342
2708
4157
3941
2016
4656
717
4322
2717
3186
4658
2198
3324
4572
4220
3150
1673
2513
115
270
93
3099
3453
4639
1872
55
3777
1946
3390
727
2667
1284
1160
2905
441
331
2213
2934
158
4552
1881
3437
1989
4901
2596
1800
4041
2913
1605
2128
1794
1761
4425
4493
2522
4594
3271
536
2376
1660
3734
1285
637
3889
4097
2315
3005
2814
481
2854
2017
409
4452
4383
11
3900
733
1497
1049
4657
4964
1663
341
4447
1472
2157
68
1627
810
380
3374
482
3827
3523
3638
1806
3712
986
4362
3655
2149
2784
3309
1804
3264
2951
3363
4539
1504
2158
4021
245
3814
352
3486
1101
2794
1835
4284
3283
3441
2084
3011
2348
1749
4160
3007
4220
2342
102
4688
3910
8
3076
1171
4986
1692
4439
2655
4881
2300
959
1853
3950
3529
794
2691
3294
1879
719
3482
2281
1732
3206
3495
2217
2509
1366
2431
2722
633
911
1199
658
3778
3298
2859
1379
4193
1438
2229
1783
2977
4292
3024
2452
31
2884
389
1384
4680
2985
4398
1518
4028
4139
1842
1609
810
4756
720
1313
2547
2494
2079
4236
2339
4466
749
4278
766
4907
3470
1428
319
2765
4440
2070
2551
2120
3284
3451
3540
1490
48
225
4216
3643
499
2533
2748
3162
2336
3632
4820
3993
4783
1539
1500
1813
2336
2156
1955
3104
3194
4417
271
1202
4819
996
866
4597
4048
1904
2732
1608
1871
2811
4496
543
1187
789
1883
4632
3025
728
3034
2921
504
4952
4532
2017
238
3124
3849
420
2489
3982
3472
875
3538
3136
831
3707
4625
1871
1222
4092
893
3860
381
3725
2131
3200
3704
1431
257
3288
551
4623
867
2882
1099
1511
4421
4935
4150
1311
1178
538
2491
4504
1789
3727
1078
1746
2926
575
2140
2751
1560
2059
3462
447
4752
383
2322
37
2784
4409
1275
2273
2837
2530
562
2640
2206
2749
37
297
590
4365
4591
4561
1956
3188
3551
538
3369
193
3846
1767
137
1273
2571
3563
1981
2905
2617
611
2248
4059
2956
1881
1049
4888
1440
1962
2105
4133
299
266
790
160
660
2199
2702
4341
1275
2507
1336
2228
554
78
239
5
389
459
3785
1199
3094
2529
943
149
1124
54
1638
899
2485
3559
1142
3527
1506
4171
575
251
2354
16
3885
1882
2281
2909
1484
3137
1714
835
1676
4168
2907
4654
3331
3417
1952
2688
751
1928
4083
695
2779
1371
3306
4654
300
548
3537
562
2484
4149
1650
3134
4943
2916
3450
369
2204
4239
933
3637
534
1545
3893
4732
4756
3734
1551
590
902
2123
4519
3846
3081
2066
1510
1686
2380
3916
4584
3592
556
3463
1827
4815
2669
4723
2204
805
626
1807
1516
4534
1327
2865
3196
4876
2004
2886
3948
1565
3517
2031
1826
1842
424
301
1097
3617
302
3062
3384
1942
334
2521
3717
3077
4511
3686
977
3506
380
1441
3158
2093
3149
192
1206
2104
2219
4331
3126
1315
3603
892
2547
387
1424
4423
228
2550
4874
1523
1984
3194
3331
4441
1689
2382
2500
1366
1585
57
3299
1460
787
2490
3520
3533
3862
1263
3512
3082
533
298
754
2585
467
3017
4200
3261
61
2573
4256
243
208
4997
2563
3370
3734
1412
1558
3962
850
408
1023
3977
2956
2725
4010
305
3177
2265
3805
182
706
2649
4680
630
2681
564
2841
2210
4847
1990
1727
2573
4497
2296
4782
4474
4772
2526
3955
83
3910
113
624
2663
3447
174
4073
2027
3945
3390
4216
2692
1716
24
2982
956
133
4996
708
2684
4599
1089
689
1505
1298
1170
3244
1714
2187
604
4852
2976
1445
4251
1213
1679
2439
4733
3823
396
4269
3519
2370
399
259
4455
612
1899
1007
3345
4359
4356
191
3302
4660
4672
2603
530
2172
4537
2524
3669
3993
530
2445
4037
2872
3440
2033
4442
186
1747
3333
1058
1859
717
2192
3261
4874
3666
104
476
162
153
2726
2349
4513
4882
1485
4354
2831
3416
1486
35
1777
3041
1984
3521
4415
1923
4567
2629
2978
2593
3098
3320
3315
2710
3601
4676
1496
3874
4999
1851
4919
2331
4700
631
4008
4046
2095
4449
1917
3150
4474
3389
3190
3212
141
1814
1163
2127
1000
767
4905
1318
1603
4378
2801
308
1969
3915
2485
2546
3812
767
1932
3636
1074
1458
1488
2021
825
991
3166
1260
1583
2708
3334
3387
845
3628
2172
4541
1988
78
486
3177
1897
4974
1190
692
2237
411
3810
4347
2976
585
3779
65
967
1199
3723
534
683
4220
1282
1289
4837
110
2970
552
799
1507
234
1213
2884
1003
4896
4138
3642
2613
4786
1536
2975
2274
487
4117
2234
263
1234
1949
428
1599
4295
3722
4686
4440
2472
574
2652
2468
2442
4096
2787
3595
180
2446
431
2663
3432
4274
1512
3168
1933
2072
2982
2369
420
3031
2410
2131
4346
4566
199
1920
4677
360
1929
3091
3914
2475
3677
870
4446
3054
2369
332
4507
4569
1605
3392
1510
1065
1259
3110
4175
2020
218
4472
4401
210
1569
3043
4666
292
186
2340
3693
4401
4821
1677
2054
1375
183
2852
4565
1632
650
1062
2751
4933
2007
3512
1362
1630
4177
3974
2328
427
4572
4880
573
4949
1622
3225
4180
1456
2221
553
3054
3901
1313
3998
2077
2683
1906
4631
4041
374
3117
1889
952
1915
4700
2021
3643
498
2108
2898
3711
4061
2859
799
4433
112
2793
1268
2446
2482
2830
2401
4594
2091
2133
526
135
62
3279
4941
392
3305
1963
2286
3350
4914
4676
2673
1363
2373
2971
4849
1077
1251
1591
4191
1597
4277
851
2524
1689
3281
3239
3475
4727
4612
1857
726
1651
3201
125
1200
2331
785
994
91
3456
4355
3856
2899
4880
1062
231
4859
1986
813
1441
158
3337
658
4339
3480
1173
4254
3295
815
2758
1207
606
732
3555
3347
2964
2270
3154
3349
4564
2673
3520
1686
3319
1579
4675
13
663
4095
4966
354
2776
1862
2741
4343
3417
3458
3898
2896
3079
3445
879
2333
4043
3442
3205
2237
4245
1233
4044
1174
2569
1305
4524
4378
1609
2345
1884
1155
1051
487
2280
1275
124
2837
3552
597
485
4609
3831
1656
4062
4068
866
2549
1144
2886
2
2631
1111
920
3003
1843
3215
1249
1725
928
1430
2509
4458
2216
2563
3634
4930
3231
2710
1373
1868
4324
4024
4685
4214
78
2948
2374
2382
3824
4198
3162
2081
1080
2098
74
4221
2581
256
2211
811
855
2415
1367
3239
3867
3608
2665
3186
1903
1685
2205
1135
2299
1361
3734
2021
2657
2297
1730
4677
2766
500
1196
1316
161
975
1657
3707
251
3524
653
4509
4704
3355
1895
4185
4189
1441
74
521
1226
129
2053
2690
2010
4297
173
197
3217
2670
2489
421
1158
1730
54
1082
2937
2365
3380
2589
1894
625
1409
4285
3506
3275
4053
3377
3133
3327
654
2447
1697
283
3549
2989
4515
1246
2480
958
3839
1018
4217
1871
2657
1809
1791
722
4033
1660
1099
4882
1422
2481
2142
337
390
2590
4249
1479
828
2609
2565
4907
4300
1849
4613
3071
1580
3403
272
2487
2091
3454
699
866
3326
3504
134
3853
4096
108
958
1956
2386
1091
1116
1602
1203
3644
3643
2578
2042
3711
1800
1423
3810
3694
3541
2401
1845
3037
2694
2242
2636
4088
4399
440
1638
4591
3877
59
2031
4190
2245
3065
1282
3464
1123
3520
586
1245
3772
348
3414
3833
4949
409
3796
4375
1149
2260
3591
198
2256
877
2323
2890
4766
2671
168
3926
4107
2659
2765
1777
4000
2050
3712
3223
1627
266
3667
3826
4226
3579
4528
720
3133
90
545
3846
4701
1814
273
1013
1535
1089
631
60
2694
3065
4973
1446
280
4247
19
438
1712
2871
2681
1232
1620
4754
2669
2282
2743
3416
4074
427
4145
2426
4674
4522
141
2583
4988
2154
3708
1542
1457
4420
1065
3940
676
4862
2452
3381
3001
4667
83
2912
1376
4435
2926
1398
4769
2205
1809
3891
913
2858
2536
345
2286
747
3165
1745
4936
838
4782
1867
3025
2796
1437
504
4846
4663
3512
2894
246
3658
2498
836
4851
3625
3505
3351
3702
3348
2594
4156
784
158
3993
1046
3278
1026
3150
1059
796
360
1364
3738
4582
636
2356
3623
4691
719
874
3818
243
227
4861
1501
2802
4065
845
2501
4229
4622
480
715
133
3317
1502
2163
3569
3558
4222
4636
4585
4024
128
4793
1401
3082
3813
439
4290
2377
3627
1457
3575
2957
1221
4345
2334
2636
3570
8
4365
2403
2837
2959
1208
1106
1414
3902
104
3471
1423
13
726
1750
1113
1409
2009
4976
2783
2058
3436
594
387
4851
3547
1288
3144
1161
3495
1760
4833
231
919
4995
712
2633
2506
3370
2913
1904
315
2822
1775
3774
1052
3467
3887
1466
3726
317
4924
3630
488
1340
3139
1775
22
4356
880
4397
2132
4408
1688
4035
1187
4327
4905
3833
1090
503
246
1081
961
594
3752
926
4803
182
1922
1580
4362
34
107
964
1751
1662
1161
1510
3353
3761
1124
1084
342
1857
720
1556
4560
3095
2128
1311
4738
1208
3263
80
4291
2699
576
3831
858
1216
3218
2102
1051
4750
188
4987
936
1920
4871
4304
452
4728
323
3376
4324
933
4650
1130
2615
4849
3845
1634
327
1966
2411
751
3576
1978
4153
2199
4969
3128
1911
2658
1417
4249
3471
3445
1396
3019
4211
4677
3718
2713
1375
4079
2151
4003
725
365
1255
607
200
4796
2147
336
435
2516
3649
966
66
3095
3601
4630
1665
3302
1341
3012
4708
272
587
1406
3031
3116
2111
2330
3087
2818
2606
51
2328
605
2409
3312
3321
371
4662
2190
3981
2464
2062
1359
4187
2007
1786
3906
48
1667
1031
213
2867
1221
4444
4609
2473
1615
81
2357
4555
4873
810
2533
2909
4697
1260
2836
1784
288
1440
3944
1458
4723
2926
1782
2764
1239
267
757
1924
817
1182
3654
3900
2164
2471
164
1515
3668
3633
1265
3019
107
2059
1522
1515
922
1785
980
3381
4899
1224
2559
4642
2156
3609
553
4565
983
4429
4990
4989
2551
747
1367
2439
1861
4885
2224
1964
1508
4266
2223
471
1274
4056
4866
2258
136
679
1471
2352
3604
2398
3306
910
829
272
2923
4806
4318
3759
262
2540
2943
3005
3311
101
1424
3238
2717
3996
567
2266
2558
351
1244
1913
3723
2081
3627
4504
2198
4922
4226
3523
2537
468
1612
2331
3297
2383
3373
690
2467
2935
4567
3957
3070
2716
4852
2562
1345
83
1085
3945
4294
315
242
2079
2567
4066
4723
2001
1279
1529
4174
2263
1613
3589
810
225
3549
3712
1468
2294
1887
2904
3200
1162
2228
2030
2962
3687
4430
3833
1501
1640
3079
2235
1380
4482
3645
820
2183
1244
460
759
977
1457
2973
1146
3999
3187
1942
1121
1507
2514
1042
2005
1658
2669
994
2305
2762
3696
531
1150
4529
943
330
1663
2354
386
3054
3319
1809
3561
3949
2018
48
818
137
1842
1027
936
4204
1155
4282
3238
1298
4864
420
3085
4807
1487
308
3235
4824
770
3311
1237
1086
1136
3747
3998
1896
2604
3135
1303
112
4556
1390
3001
3866
2748
4405
2521
2456
2340
2400
2692
1801
1704
312
276
2731
1734
80
897
2494
4797
3568
2931
2315
172
1801
3630
2893
3081
4433
2847
2015
675
3426
2535
1535
2698
4223
1942
1281
4653
4126
2577
2774
580
2588
3127
4063
4424
3373
4913
2036
2631
4219
4688
682
4205
4034
539
3237
1455
4945
361
4650
1361
859
819
3296
2195
999
294
4423
2287
612
3168
2218
2382
2241
3784
2257
148
2140
387
3027
4809
2386
1733
2546
3417
4159
85
4503
566
950
1500
2167
3509
2354
4966
2614
1271
1758
4161
323
3112
2594
447
4212
829
3535
951
2164
3177
2918
369
2817
4161
531
2009
659
1674
2704
2803
3275
2783
1927
2712
1184
2071
623
3424
1263
3326
2796
617
1580
2522
928
1734
3380
3009
4470
1587
3861
2537
2896
4776
4840
1353
3247
21
4702
2054
3620
3869
4449
1608
3861
1470
4708
4607
1266
4816
1030
1823
4144
1595
490
4052
3821
62
4890
1074
1245
3677
1590
931
3853
939
304
3183
2702
1297
2354
2391
445
3637
4002
2843
2008
1270
3212
1733
539
2406
848
829
1267
3450
3510
1525
2907
335
4991
2240
2638
3461
1518
3047
452
288
1495
981
2032
2388
1615
1428
1297
1561
2917
654
4824
1631
3559
2209
3745
4636
3591
4469
2206
2396
4559
4143
1632
4328
2706
2091
2319
3738
1742
21
2476
2735
1247
1673
3109
334
4022
4893
2721
4505
1026
2043
2268
330
2309
1779
4613
1816
4282
240
3199
137
1181
3625
3565
3993
3140
1275
1537
28
52
4437
4294
1761
704
557
3772
3737
1966
2193
845
4510
3705
1305
3574
1702
3486
403
1455
3898
185
3470
4223
1634
3920
371
162
3692
4172
3808
4740
4948
1171
3632
3162
4326
1552
2992
1671
2218
303
258
2452
488
1875
3871
3404
572
2507
4489
471
1011
181
4551
4525
639
1945
4533
230
2422
2530
1003
2343
1066
3440
852
4224
3189
3793
2170
2116
892
817
1927
3376
3758
2000
239
1231
556
1715
2429
213
154
389
1708
1555
1927
1887
2175
466
1058
2718
4770
4572
277
973
4098
2207
2359
2970
4114
227
4197
2221
2025
639
280
1622
1504
2495
1293
382
3528
4352
736
3010
1531
2031
4066
4539
4113
4919
3414
2017
391
4849
4966
3737
51
4729
4411
708
2682
4326
2061
4618
4054
3082
1191
1599
3826
835
679
245
2376
4450
2341
1322
3446
1410
578
4852
2075
4987
2410
2090
2672
335
1309
1932
2373
1756
2634
3638
2865
2004
2669
3345
1271
4665
4499
562
1197
4701
3171
2199
1710
1649
1424
1383
1403
1652
2612
3010
309
4958
3375
1305
2559
4694
3737
2151
3409
1145
1652
2240
1415
1820
765
664
3380
2772
2852
2688
977
739
3177
3532
1251
2214
1314
2561
1028
685
739
3357
3976
4242
4581
183
3290
3094
3242
3449
256
336
1800
2538
1221
1071
2116
233
1533
1066
1840
3767
590
2102
4968
4533
4934
832
3282
2534
2471
2940
389
1630
218
4598
3403
1483
4243
1670
769
1274
1457
193
286
3869
3001
1325
2978
404
1099
4405
626
1834
3061
1214
537
4113
3142
3473
473
1760
1486
4355
1946
3796
2629
2905
1858
4045
4321
831
2126
3539
1467
627
3423
3344
2540
2886
1169
4223
1660
4459
4616
998
1476
3163
2900
3648
3245
2295
1206
4542
4424
1832
2355
2215
4551
3932
2137
21
3563
1953
840
4547
2800
2207
1003
4156
3990
2025
4991
3900
4250
3557
555
1453
1756
612
3864
907
1290
1276
674
2961
2701
1548
4584
1712
2474
2031
3841
1572
4307
148
1464
3834
3343
621
4153
39
3800
4288
2076
1339
1883
3611
4826
3398
958
4427
725
3889
309
2278
1477
2408
3333
2878
4856
734
2636
2209
674
242
2256
2568
4573
4560
2968
3909
1410
3043
1784
1185
9
2602
4025
2188
1757
3113
3432
1974
2876
1986
4781
2285
854
3819
1168
4472
3188
3497
495
1292
1515
2045
3178
4029
4536
2350
1299
2999
4254
3528
592
733
701
3451
4355
3674
4782
2423
3596
4358
1893
3750
1172
3403
3454
4210
1118
1480
619
2306
2954
1758
2652
1847
673
1922
1744
4755
1104
3402
3268
1860
2934
4684
4322
3806
3000
3107
275
4231
2000
1418
1447
734
4625
86
3564
1142
1999
24
3678
4696
1132
1208
2246
591
1709
1304
2078
3488
2671
3520
3676
2793
2124
1293
2061
1049
4306
2880
3716
4217
4262
4500
699
345
4501
1912
649
2718
4387
2726
3220
131
2599
4594
3633
1461
3319
4807
2978
2724
4968
4639
3647
550
2073
322
1136
1726
1832
3273
2994
1374
1061
3682
2064
224
2142
1343
508
2587
2226
946
590
2235
1906
4220
4788
1490
365
2727
139
263
1179
4864
453
3740
1756
1961
2019
1540
586
4149
1172
3004
1980
550
2287
4402
341
3196
190
475
2292
4782
3156
1561
4517
3046
560
1021
544
4632
3050
1905
936
2955
3773
442
751
1211
1741
892
328
1030
956
1958
597
422
3600
4375
3338
4638
4774
2193
1962
833
4309
3356
1184
1383
3740
407
4920
